0 0.0022681313566863537 35 0.0022681313566863537 35 0.008589596 0.99
1 0.0013014788273721933 27 0.00025118174380622804 35 0.015876498 0.99
2 0.00013393150584306568 31 6.790039333282039e-05 35 0.0025062528 0.99
3 0.002173754619434476 35 0.002173754619434476 35 0.013487406 0.99
4 0.00105867232196033 35 0.00105867232196033 35 0.0077946153 0.99
5 0.003247078275308013 34 0.0021939128637313843 35 0.028562088 0.99
6 0.006262686103582382 35 0.006262686103582382 35 0.03187721 0.99
7 0.005007696803659201 34 0.004906139802187681 35 0.030508813 0.99
8 0.0012846163008362055 32 1.4307745914265979e-05 35 0.016272796 0.99
9 0.02748824842274189 35 0.02748824842274189 35 0.08355901 0.99
10 0.023475898429751396 35 0.023475898429751396 35 0.17398798 0.99
11 0.001548088388517499 31 0.0001303871104028076 35 0.005127832 0.99
12 0.001005687634460628 35 0.001005687634460628 35 0.0022525734 0.99
13 0.004092312417924404 35 0.004092312417924404 35 0.011382961 0.99
14 0.008578779175877571 35 0.008578779175877571 35 0.04587937 0.9896
15 0.0076409075409173965 35 0.0076409075409173965 35 0.02956108 0.9889000000000001
16 0.0002827700227499008 35 0.0002827700227499008 35 0.002434755 0.9882000000000002
17 0.0027117766439914703 24 0.0006354399956762791 35 0.024584891 0.9875000000000003
18 0.0002881617401726544 24 0.00013444606156554073 35 0.0022478055 0.9868000000000003
19 0.0012441575527191162 32 0.000619121768977493 35 0.010274364 0.9861000000000004
20 0.014168798923492432 35 0.014168798923492432 35 0.13348798 0.9854000000000005
21 0.006445338483899832 27 0.0018730128649622202 35 0.11429651 0.9847000000000006
22 0.01758757047355175 35 0.01758757047355175 35 0.07184026 0.9840000000000007
23 0.0013941903598606586 35 0.0013941903598606586 35 0.009761076 0.9833000000000007
24 0.0007399782771244645 31 0.0005130837089382112 35 0.005782135 0.9826000000000008
25 0.003011631080880761 31 0.0020968280732631683 35 0.031776417 0.9819000000000009
26 0.0013525350950658321 35 0.0013525350950658321 35 0.007898064 0.981200000000001
27 0.006875337567180395 35 0.006875337567180395 35 0.0055468637 0.980500000000001
28 0.0006973692215979099 27 0.0005119828274473548 35 0.017188571 0.9798000000000011
29 0.0028233437333256006 35 0.0028233437333256006 35 0.016089637 0.9791000000000012
30 0.00514526991173625 35 0.00514526991173625 35 0.02308032 0.9784000000000013
31 0.005021005403250456 23 0.00233789742924273 35 0.042779975 0.9777000000000013
32 0.034089114516973495 26 0.02357233688235283 35 0.622852 0.9770000000000014
33 0.006547971628606319 34 0.006262283772230148 35 0.11121926 0.9763000000000015
34 0.0008728292887099087 35 0.0008728292887099087 35 0.004291275 0.9756000000000016
35 0.009183038957417011 32 0.007301902864128351 35 0.07363525 0.9749000000000017
36 0.0021229179110378027 35 0.0021229179110378027 35 0.024361487 0.9742000000000017
37 0.01572977751493454 29 0.006218467373400927 35 0.078599155 0.9735000000000018
38 0.001619191956706345 35 0.001619191956706345 35 0.003820902 0.9728000000000019
39 0.0011713129933923483 35 0.0011713129933923483 35 0.0031292571 0.972100000000002
40 0.0103694973513484 35 0.0103694973513484 35 0.06374492 0.971400000000002
41 6.8168286816217e-05 29 3.3830106985988095e-05 35 0.0010966937 0.9707000000000021
42 0.005096697248518467 27 0.001652875798754394 35 0.052044768 0.9700000000000022
43 0.026671817526221275 28 0.019193869084119797 35 0.2547271 0.9693000000000023
44 0.004865072667598724 35 0.004865072667598724 35 0.01125652 0.9686000000000023
45 0.001496834447607398 35 0.001496834447607398 35 0.0105978 0.9679000000000024
46 0.007164632901549339 35 0.007164632901549339 35 0.044519905 0.9672000000000025
47 0.00406925193965435 35 0.00406925193965435 35 0.023699906 0.9665000000000026
48 0.006979320198297501 35 0.006979320198297501 35 0.028092451 0.9658000000000027
49 0.01648738421499729 33 0.014357865788042545 35 0.19701247 0.9651000000000027
50 0.002147140447050333 35 0.002147140447050333 35 0.008591289 0.9644000000000028
51 0.010003236122429371 33 0.0060205040499567986 35 0.016650304 0.9637000000000029
52 0.0010928023839369416 22 0.0006386262830346823 35 0.01887716 0.963000000000003
53 0.0006024829344823956 35 0.0006024829344823956 35 0.009737025 0.962300000000003
54 0.015222642570734024 35 0.015222642570734024 35 0.05188764 0.9616000000000031
55 0.0016217705560848117 35 0.0016217705560848117 35 0.009108806 0.9609000000000032
56 0.001311812549829483 34 0.0006752544431947172 35 0.03464559 0.9602000000000033
57 0.0004309068899601698 22 0.00018468129565007985 35 0.006221186 0.9595000000000034
58 0.009085842408239841 28 0.007430975325405598 35 0.126623 0.9588000000000034
59 0.017792539671063423 35 0.017792539671063423 35 0.08926791 0.9581000000000035
60 0.0014828150160610676 33 0.0010470232227817178 35 0.020496951 0.9574000000000036
61 0.00437186611816287 35 0.00437186611816287 35 0.03276353 0.9567000000000037
62 0.0012168482644483447 31 0.0006906032213009894 35 0.0074797496 0.9560000000000037
63 0.0011703615309670568 32 0.000944875180721283 35 0.0070995083 0.9553000000000038
64 0.00188478734344244 35 0.00188478734344244 35 0.003966524 0.9546000000000039
65 0.0006755469948984683 34 0.000612251868005842 35 0.0020572324 0.953900000000004
66 0.00047844144864939153 34 0.00043535485747270286 35 0.004377568 0.953200000000004
67 0.006345688831061125 31 0.006219814997166395 35 0.14625761 0.9525000000000041
68 0.0007216841331683099 33 0.0002559856220614165 35 0.0046186335 0.9518000000000042
69 0.006320570129901171 35 0.006320570129901171 35 0.018339872 0.9511000000000043
70 0.006795989815145731 28 0.0043171769939363 35 0.031066457 0.9504000000000044
71 0.018709978088736534 30 0.00643726484850049 35 0.09600865 0.9497000000000044
72 0.00018089110380969942 20 0.00010567108256509528 35 0.0018713924 0.9490000000000045
73 0.0002653776609804481 28 7.12472028681077e-05 35 0.0030575828 0.9483000000000046
74 0.0006696587079204619 28 3.081975592067465e-05 35 0.003218996 0.9476000000000047
75 0.00034799714921973646 35 0.00034799714921973646 35 0.0037074464 0.9469000000000047
76 0.00023326737573370337 33 0.00011922857083845884 35 0.00092927704 0.9462000000000048
77 0.0023565038572996855 34 0.0018421853892505169 35 0.011176625 0.9455000000000049
78 0.006070964504033327 35 0.006070964504033327 35 0.0024829283 0.944800000000005
79 0.010877320542931557 35 0.010877320542931557 35 0.023834327 0.944100000000005
80 0.0007760830339975655 31 0.0005923138814978302 35 0.0068933363 0.9434000000000051
81 0.001587840262800455 29 0.0007476901519112289 35 0.018178893 0.9427000000000052
82 0.0016425634967163205 34 0.0013658207608386874 35 0.0022699926 0.9420000000000053
83 0.0001992825127672404 33 5.9169029555050656e-05 35 0.0003836059 0.9413000000000054
84 0.01063966378569603 35 0.01063966378569603 35 0.030633423 0.9406000000000054
85 0.00021451215434353799 28 2.5361992811667733e-05 35 0.0014000322 0.9399000000000055
86 0.00012803642312064767 28 8.024845556064975e-06 35 0.0013352477 0.9392000000000056
87 0.0005150270881131291 35 0.0005150270881131291 35 0.0024643918 0.9385000000000057
88 0.0019345455802977085 35 0.0019345455802977085 35 0.0081552295 0.9378000000000057
89 0.004653464537113905 35 0.004653464537113905 35 0.031240443 0.9371000000000058
90 0.008908621966838837 35 0.008908621966838837 35 0.06729098 0.9364000000000059
91 0.006564839743077755 32 0.005547350272536278 35 0.04759519 0.935700000000006
92 0.00011752617865568027 27 5.477134618558921e-05 35 0.0016774475 0.935000000000006
93 0.0015419094124808908 35 0.0015419094124808908 35 0.019115284 0.9343000000000061
94 0.0007853793795220554 31 0.0002861839602701366 35 0.0051745125 0.9336000000000062
95 0.0007545145344920456 32 5.560191857512109e-05 35 0.0087870695 0.9329000000000063
96 0.007020646706223488 35 0.007020646706223488 35 0.011008462 0.9322000000000064
97 0.0011364305391907692 35 0.0011364305391907692 35 0.0056409393 0.9315000000000064
98 0.017163943499326706 34 0.013774334453046322 35 0.018762669 0.9308000000000065
99 0.06709963083267212 35 0.06709963083267212 35 0.09821294 0.9301000000000066
100 0.007609467953443527 35 0.007609467953443527 35 0.034280725 0.9294000000000067
101 0.0017291171243414283 27 0.0009836605750024319 35 0.0207471 0.9287000000000067
102 0.0010739074787124991 32 0.0010347985662519932 35 0.01138972 0.9280000000000068
103 0.0036325184628367424 35 0.0036325184628367424 35 0.050461534 0.9273000000000069
104 0.0009315278730355203 35 0.0009315278730355203 35 0.0048576803 0.926600000000007
105 0.0010326678166165948 28 0.0004364152846392244 35 0.014921908 0.925900000000007
106 0.0007878037868067622 35 0.0007878037868067622 35 0.0036402228 0.9252000000000071
107 0.0007971199811436236 26 0.000273306155577302 35 0.0036455505 0.9245000000000072
108 0.0008327353862114251 30 0.00020386352844070643 35 0.0045569455 0.9238000000000073
109 0.0014402673114091158 26 0.00041888319537974894 35 0.012774314 0.9231000000000074
110 0.001341436873190105 28 0.0004569196898955852 35 0.0044715917 0.9224000000000074
111 0.005818053148686886 35 0.005818053148686886 35 0.042874843 0.9217000000000075
112 0.0005394419422373176 20 0.0001145326896221377 35 0.008877425 0.9210000000000076
113 0.008225123398005962 35 0.008225123398005962 35 0.042593256 0.9203000000000077
114 0.0009234458557330072 23 0.0007079586503095925 35 0.014874383 0.9196000000000077
115 0.14758196473121643 35 0.14758196473121643 35 0.35964197 0.9189000000000078
116 0.007830450311303139 35 0.007830450311303139 35 0.07468605 0.9182000000000079
117 0.018051763996481895 34 0.01684083789587021 35 0.22909808 0.917500000000008
118 0.002530202968046069 35 0.002530202968046069 35 0.029404212 0.916800000000008
119 0.00548317888751626 35 0.00548317888751626 35 0.021590576 0.9161000000000081
120 0.0007948044221848249 29 0.00047115792403928936 35 0.01028251 0.9154000000000082
121 0.000558966479729861 35 0.000558966479729861 35 0.001171211 0.9147000000000083
122 0.0005809133872389793 24 0.0005399706424213946 35 0.008091985 0.9140000000000084
123 0.0003790513437706977 24 9.47986773098819e-05 35 0.0028900334 0.9133000000000084
124 0.0022826793137937784 35 0.0022826793137937784 35 0.0073804026 0.9126000000000085
125 0.006000556983053684 31 0.0029432165902107954 35 0.033799388 0.9119000000000086
126 0.011575969867408276 35 0.011575969867408276 35 0.0997649 0.9112000000000087
127 0.004373004660010338 35 0.004373004660010338 35 0.018315732 0.9105000000000087
128 0.0009168182732537389 30 0.00020734731515403837 35 0.008539342 0.9098000000000088
129 0.0011405035620555282 34 0.0004756525158882141 35 0.0063487557 0.9091000000000089
130 0.01977641135454178 31 0.013467585667967796 35 0.22680683 0.908400000000009
131 0.011323902755975723 35 0.011323902755975723 35 0.05594233 0.907700000000009
132 0.008762926794588566 35 0.008762926794588566 35 0.033639982 0.9070000000000091
133 0.00013064239465165883 32 6.857024709461257e-05 35 0.0036633695 0.9063000000000092
134 0.0006125588552094996 35 0.0006125588552094996 35 0.0045268694 0.9056000000000093
135 0.0018370994366705418 35 0.0018370994366705418 35 0.009801748 0.9049000000000094
136 0.0007047336548566818 29 0.00038599802064709365 35 0.0019315446 0.9042000000000094
137 0.0011901274556294084 29 0.0010428434470668435 35 0.016726017 0.9035000000000095
138 0.010667094960808754 33 0.008118482306599617 35 0.116732694 0.9028000000000096
139 0.001682693837210536 31 0.0010758867720142007 35 0.009549448 0.9021000000000097
140 0.0024569393135607243 26 0.0010735121322795749 35 0.01978616 0.9014000000000097
141 0.004464091267436743 35 0.004464091267436743 35 0.031211667 0.9007000000000098
142 0.009607004001736641 30 0.0037201829254627228 35 0.025210446 0.9000000000000099
143 0.0015631229616701603 35 0.0015631229616701603 35 0.009492843 0.89930000000001
144 0.0028418018482625484 34 0.0017869266448542476 35 0.007178408 0.8986000000000101
145 0.0013125232653692365 35 0.0013125232653692365 35 0.0037141296 0.8979000000000101
146 0.0013016668381169438 35 0.0013016668381169438 35 0.010346284 0.8972000000000102
147 0.0016658969689160585 35 0.0016658969689160585 35 0.006456159 0.8965000000000103
148 0.001323237083852291 35 0.001323237083852291 35 0.004834775 0.8958000000000104
149 0.010874967090785503 35 0.010874967090785503 35 0.01801713 0.8951000000000104
150 0.0007772856042720377 35 0.0007772856042720377 35 0.005402782 0.8944000000000105
151 0.008853863924741745 34 0.0077174934558570385 35 0.05403814 0.8937000000000106
152 0.011281784623861313 31 0.0032320881728082895 35 0.06100086 0.8930000000000107
153 0.01749555766582489 33 0.012694002129137516 35 0.14405894 0.8923000000000108
154 0.00010864354408113286 33 3.3529304346302524e-05 35 0.00062852906 0.8916000000000108
155 0.005122976377606392 35 0.005122976377606392 35 0.016762502 0.8909000000000109
156 0.00020012813911307603 35 0.00020012813911307603 35 0.0028815728 0.890200000000011
157 0.0012761714169755578 35 0.0012761714169755578 35 0.005017555 0.8895000000000111
158 0.005350423976778984 34 0.004690863657742739 35 0.048757605 0.8888000000000111
159 0.01804974675178528 31 0.003943630028516054 35 0.057756674 0.8881000000000112
160 0.0009094142587855458 30 0.00027705056709237397 35 0.007899047 0.8874000000000113
161 0.00495228823274374 35 0.00495228823274374 35 0.017285448 0.8867000000000114
162 0.0017336035380139947 31 0.000980827840976417 35 0.018089399 0.8860000000000114
163 0.001283110585063696 35 0.001283110585063696 35 0.008494319 0.8853000000000115
164 0.00013560843945015222 30 4.521180017036386e-05 35 0.0008607938 0.8846000000000116
165 0.022646194323897362 35 0.022646194323897362 35 0.0047925552 0.8839000000000117
166 0.005364558659493923 35 0.005364558659493923 35 0.028552748 0.8832000000000118
167 0.00901054497808218 32 0.005608654581010342 35 0.093936235 0.8825000000000118
168 0.00013315424439497292 35 0.00013315424439497292 35 0.0008653809 0.8818000000000119
169 0.0017101378180086613 32 0.0013856677105650306 35 0.003812647 0.881100000000012
170 0.011894713155925274 31 0.006117244251072407 35 0.097589046 0.8804000000000121
171 0.004865067079663277 33 0.004238097928464413 35 0.074911974 0.8797000000000121
172 0.005658080335706472 35 0.005658080335706472 35 0.023420494 0.8790000000000122
173 0.0023190199863165617 35 0.0023190199863165617 35 0.0120676495 0.8783000000000123
174 0.01000835932791233 35 0.01000835932791233 35 0.10922533 0.8776000000000124
175 0.009194138459861279 31 0.004539208486676216 35 0.03216889 0.8769000000000124
176 0.001816032687202096 31 0.0009466201881878078 35 0.011073987 0.8762000000000125
177 0.0023366676177829504 32 0.002138420706614852 35 0.01984913 0.8755000000000126
178 0.0008426540880464017 33 0.0001484503736719489 35 0.004980138 0.8748000000000127
179 0.0013339163269847631 31 0.0011852150782942772 35 0.01599853 0.8741000000000128
180 0.04142371565103531 35 0.04142371565103531 35 0.32501984 0.8734000000000128
181 0.004204788710922003 19 0.0003816288080997765 35 0.07017133 0.8727000000000129
182 0.0004387199296616018 26 9.626149403629825e-05 35 0.0066185803 0.872000000000013
183 0.002883000997826457 35 0.002883000997826457 35 0.009236465 0.8713000000000131
184 0.0010333791142329574 35 0.0010333791142329574 35 0.0013343086 0.8706000000000131
185 0.0004083332314621657 21 0.00034746548044495285 35 0.0064731375 0.8699000000000132
186 0.01420505903661251 35 0.01420505903661251 35 0.003914915 0.8692000000000133
187 0.0010784638579934835 21 0.000968253065366298 35 0.027494643 0.8685000000000134
188 0.001405675197020173 27 0.0007856573211029172 35 0.01862978 0.8678000000000134
189 0.00028167327400296926 35 0.00028167327400296926 35 0.0011908255 0.8671000000000135
190 0.001643327996134758 32 0.0012323179980739951 35 0.01006708 0.8664000000000136
191 0.002267933916300535 31 0.0008110406342893839 35 0.015243983 0.8657000000000137
192 0.00195106933824718 31 0.00035872048465535045 35 0.0077291946 0.8650000000000138
193 0.0035733573604375124 35 0.0035733573604375124 35 0.019409005 0.8643000000000138
194 0.023571854457259178 33 0.023147685453295708 35 0.13653679 0.8636000000000139
195 0.005169870797544718 29 0.004965165164321661 35 0.055531394 0.862900000000014
196 0.003767505520954728 35 0.003767505520954728 35 0.024091193 0.8622000000000141
197 0.010428735986351967 30 0.005460995249450207 35 0.12468687 0.8615000000000141
198 0.0004697184485848993 33 0.00041865857201628387 35 0.0036981606 0.8608000000000142
199 0.004010530188679695 30 0.0013074001763015985 35 0.04491225 0.8601000000000143
200 0.00022804300533607602 35 0.00022804300533607602 35 0.002432334 0.8594000000000144
201 0.02630249783396721 35 0.02630249783396721 35 0.14712453 0.8587000000000145
202 0.0026371004059910774 34 0.0025906574446707964 35 0.028589224 0.8580000000000145
203 0.0016890133265405893 35 0.0016890133265405893 35 0.008773318 0.8573000000000146
204 0.002015684498474002 35 0.002015684498474002 35 0.0036593985 0.8566000000000147
205 0.00035882816882804036 35 0.00035882816882804036 35 0.008254243 0.8559000000000148
206 0.0022780795115977526 34 0.0022388407960534096 35 0.006849442 0.8552000000000148
207 0.015607524663209915 35 0.015607524663209915 35 0.097056374 0.8545000000000149
208 0.008520092815160751 35 0.008520092815160751 35 0.046477087 0.853800000000015
209 0.0010063162771984935 28 6.113234121585265e-05 35 0.013586238 0.8531000000000151
210 0.0021979936864227057 35 0.0021979936864227057 35 0.011420388 0.8524000000000151
211 0.0015907566994428635 35 0.0015907566994428635 35 0.00834729 0.8517000000000152
212 0.0009519357699900866 25 0.0001327191130258143 35 0.017066324 0.8510000000000153
213 0.00561126135289669 35 0.00561126135289669 35 0.012931071 0.8503000000000154
214 0.0024086968041956425 35 0.0024086968041956425 35 0.0053542275 0.8496000000000155
215 0.002184288576245308 28 7.202615961432457e-05 35 0.02134571 0.8489000000000155
216 0.015075640752911568 26 0.0022933611180633307 35 0.2075912 0.8482000000000156
217 0.0010708021000027657 35 0.0010708021000027657 35 0.0051872646 0.8475000000000157
218 0.013095799833536148 23 0.0019378425786271691 35 0.11980132 0.8468000000000158
219 0.03823360055685043 35 0.03823360055685043 35 0.037086487 0.8461000000000158
220 0.0070421090349555016 33 0.006272584665566683 35 0.058608335 0.8454000000000159
221 0.0020373098086565733 34 0.0019195509376004338 35 0.012122256 0.844700000000016
222 0.021391645073890686 31 0.017334388568997383 35 0.18655579 0.8440000000000161
223 0.008517421782016754 35 0.008517421782016754 35 0.034175906 0.8433000000000161
224 0.001430535688996315 33 0.0014210540102794766 35 0.011394083 0.8426000000000162
225 0.0006316014332696795 33 5.739032712881453e-05 35 0.0035911326 0.8419000000000163
226 0.0029288812074810266 29 0.0004405612708069384 35 0.031207697 0.8412000000000164
227 0.009831821545958519 35 0.009831821545958519 35 0.048939846 0.8405000000000165
228 0.022755688056349754 24 0.007264689076691866 35 0.1990991 0.8398000000000165
229 0.00026677915593609214 33 9.21098908293061e-05 35 0.0019952913 0.8391000000000166
230 0.014390947297215462 35 0.014390947297215462 35 0.10686136 0.8384000000000167
231 0.009241591207683086 35 0.009241591207683086 35 0.043802474 0.8377000000000168
232 0.0002947951725218445 28 8.109617920126766e-05 35 0.005715387 0.8370000000000168
233 0.00026807020185515285 35 0.00026807020185515285 35 0.0027913884 0.8363000000000169
234 0.007462726440280676 33 0.0038365356158465147 35 0.045455247 0.835600000000017
235 0.004571093246340752 35 0.004571093246340752 35 0.022543125 0.8349000000000171
236 0.0006493890541605651 35 0.0006493890541605651 35 0.003513393 0.8342000000000172
237 0.0002643242187332362 32 0.00011379230272723362 35 0.0020593738 0.8335000000000172
238 0.006037611048668623 35 0.006037611048668623 35 0.021667734 0.8328000000000173
239 0.0073231239803135395 19 0.005464848130941391 35 0.07360919 0.8321000000000174
240 7.84066432970576e-05 30 1.806132604542654e-05 35 0.0006648263 0.8314000000000175
241 0.0013035478768870234 27 2.7611020414042287e-05 35 0.0058230786 0.8307000000000175
242 0.0016415691934525967 34 0.0015370984328910708 35 0.017018812 0.8300000000000176
243 0.013856627978384495 30 0.008672971278429031 35 0.064446494 0.8293000000000177
244 0.010911596938967705 35 0.010911596938967705 35 0.08670813 0.8286000000000178
245 0.0024480572901666164 35 0.0024480572901666164 35 0.014496779 0.8279000000000178
246 0.002739950316026807 30 0.0004360591119620949 35 0.001324646 0.8272000000000179
247 0.0033735185861587524 24 0.0022401991300284863 35 0.073577136 0.826500000000018
248 0.008451857604086399 33 0.008311734534800053 35 0.052134663 0.8258000000000181
249 0.014518137089908123 34 0.014163597486913204 35 0.11256084 0.8251000000000182
250 0.0023630016949027777 35 0.0023630016949027777 35 0.026463643 0.8244000000000182
251 0.0015892117517068982 35 0.0015892117517068982 35 0.006826521 0.8237000000000183
252 0.004163019824773073 35 0.004163019824773073 35 0.0132737085 0.8230000000000184
253 0.0007691923528909683 28 0.00012821340351365507 35 0.010953508 0.8223000000000185
254 0.000855364603921771 27 0.0005380022921599448 35 0.008281001 0.8216000000000185
255 0.010435771197080612 35 0.010435771197080612 35 0.031114718 0.8209000000000186
256 0.00682109734043479 35 0.00682109734043479 35 0.024782196 0.8202000000000187
257 0.0022247887682169676 35 0.0022247887682169676 35 0.005512274 0.8195000000000188
258 0.0004376757424324751 33 8.430641173617914e-05 35 0.0025021273 0.8188000000000188
259 0.009466237388551235 33 0.005158304702490568 35 0.14640066 0.8181000000000189
260 0.015089585445821285 35 0.015089585445821285 35 0.07025299 0.817400000000019
261 0.0020760511979460716 28 0.0006340607651509345 35 0.0175555 0.8167000000000191
262 0.00018833077047020197 18 0.00017464383563492447 35 0.0033000447 0.8160000000000192
263 0.011757912114262581 32 0.006431485526263714 35 0.07596159 0.8153000000000192
264 0.00013935848255641758 33 0.0001286787010030821 35 0.000756684 0.8146000000000193
265 0.0007748985663056374 34 0.0007547349669039249 35 0.0069597177 0.8139000000000194
266 0.002211637794971466 28 0.0005467955488711596 35 0.013223829 0.8132000000000195
267 0.007077372632920742 35 0.007077372632920742 35 0.04736347 0.8125000000000195
268 0.0025423970073461533 35 0.0025423970073461533 35 0.0025665015 0.8118000000000196
269 0.00012095395504729822 32 7.412027480313554e-05 35 0.0010339231 0.8111000000000197
270 0.06212151050567627 35 0.06212151050567627 35 0.5046279 0.8104000000000198
271 0.052611202001571655 35 0.052611202001571655 35 0.5336968 0.8097000000000198
272 0.030027778819203377 35 0.030027778819203377 35 0.08100976 0.8090000000000199
273 0.006261162925511599 35 0.006261162925511599 35 0.027449567 0.80830000000002
274 0.0037232092581689358 35 0.0037232092581689358 35 0.017143084 0.8076000000000201
275 0.007076350972056389 35 0.007076350972056389 35 0.031515032 0.8069000000000202
276 0.002832066500559449 32 0.0010027217213064432 35 0.012362321 0.8062000000000202
277 0.0022496951278299093 29 0.0014846200356259942 35 0.014918646 0.8055000000000203
278 0.001689386903308332 31 0.0010061614448204637 35 0.020080538 0.8048000000000204
279 0.0013625548454001546 35 0.0013625548454001546 35 0.0024022548 0.8041000000000205
280 0.0012127028312534094 30 0.00020606358884833753 35 0.0044221813 0.8034000000000205
281 0.04731824994087219 35 0.04731824994087219 35 0.2727719 0.8027000000000206
282 0.006476700305938721 35 0.006476700305938721 35 0.050485823 0.8020000000000207
283 0.006387197412550449 35 0.006387197412550449 35 0.050328963 0.8013000000000208
284 0.008880910463631153 24 0.007282943464815617 35 0.051387466 0.8006000000000209
285 0.0017683753976598382 35 0.0017683753976598382 35 0.013040798 0.7999000000000209
286 0.0015558362938463688 29 2.5732797439559363e-05 35 0.024747036 0.799200000000021
287 0.004630871117115021 27 0.0004467278777156025 35 0.025482194 0.7985000000000211
288 0.0037434129044413567 32 0.0025228329468518496 35 0.034572512 0.7978000000000212
289 0.06950443238019943 35 0.06950443238019943 35 1312.5704 0.7971000000000212
290 0.10735315829515457 31 0.0834096372127533 35 2932.8237 0.7964000000000213
291 0.0021281233057379723 26 0.0004796188441105187 35 0.022407793 0.7957000000000214
292 0.008063535206019878 33 0.005158054642379284 35 0.025437694 0.7950000000000215
293 0.07577434927225113 35 0.07577434927225113 35 0.23431617 0.7943000000000215
294 0.0727347731590271 35 0.0727347731590271 35 415.6898 0.7936000000000216
295 0.0007639180403202772 35 0.0007639180403202772 35 0.0028369315 0.7929000000000217
296 0.0013500808272510767 35 0.0013500808272510767 35 0.0024269165 0.7922000000000218
297 0.003973258193582296 30 0.0007730175275355577 35 0.028114937 0.7915000000000219
298 0.0008854462648741901 33 0.0001045346652972512 35 0.008656235 0.7908000000000219
299 0.007857121527194977 35 0.007857121527194977 35 0.05241179 0.790100000000022
300 0.0012499537551775575 29 0.000465539051219821 35 0.0083304625 0.7894000000000221
301 0.003466332331299782 28 0.0030506011098623276 35 0.02930403 0.7887000000000222
302 0.008376671932637691 35 0.008376671932637691 35 0.023437284 0.7880000000000222
303 0.026974566280841827 35 0.026974566280841827 35 0.02774062 0.7873000000000223
304 0.0017728478414937854 28 0.00016862199117895216 35 0.016006086 0.7866000000000224
305 0.0033934242092072964 35 0.0033934242092072964 35 0.015459139 0.7859000000000225
306 0.0006635300815105438 29 0.00030606953077949584 35 0.0061185895 0.7852000000000225
307 0.016807956621050835 33 0.01553480513393879 35 0.12570074 0.7845000000000226
308 0.0192901398986578 35 0.0192901398986578 35 0.079062365 0.7838000000000227
309 0.008938436396420002 34 0.0073187025263905525 35 0.06353661 0.7831000000000228
310 0.0036339377984404564 35 0.0036339377984404564 35 0.038769685 0.7824000000000229
311 0.02262391522526741 35 0.02262391522526741 35 0.13078961 0.7817000000000229
312 0.0023517271038144827 35 0.0023517271038144827 35 0.015354124 0.781000000000023
313 0.019285598769783974 32 0.018536189571022987 35 0.27953252 0.7803000000000231
314 0.015091155655682087 35 0.015091155655682087 35 0.04484297 0.7796000000000232
315 0.007246927823871374 34 0.007176262326538563 35 0.014519114 0.7789000000000232
316 0.0032727003563195467 34 0.002664459403604269 35 0.023885347 0.7782000000000233
317 0.0064579336903989315 33 0.0042009674943983555 35 0.006288203 0.7775000000000234
318 0.0003400218265596777 35 0.0003400218265596777 35 0.00052146363 0.7768000000000235
319 0.0007995848427526653 35 0.0007995848427526653 35 0.01243938 0.7761000000000235
320 0.026605460792779922 33 0.016845740377902985 35 0.055979006 0.7754000000000236
321 0.006542916875332594 31 0.0019812937825918198 35 0.05504275 0.7747000000000237
322 0.0032399350311607122 35 0.0032399350311607122 35 0.008951822 0.7740000000000238
323 0.04510756582021713 35 0.04510756582021713 35 0.60867715 0.7733000000000239
324 0.0006027314811944962 35 0.0006027314811944962 35 0.0048652543 0.7726000000000239
325 0.0005868646549060941 34 0.0005543946754187346 35 0.0038341295 0.771900000000024
326 0.001483543892391026 32 0.0014220275916159153 35 0.01650665 0.7712000000000241
327 0.00039504413143731654 35 0.00039504413143731654 35 0.0020453653 0.7705000000000242
328 0.008493227884173393 35 0.008493227884173393 35 0.03892654 0.7698000000000242
329 0.03914396092295647 33 0.031977154314517975 35 0.2910455 0.7691000000000243
330 0.0018237242475152016 35 0.0018237242475152016 35 0.015630642 0.7684000000000244
331 0.00011400753282941878 28 1.7266927898162976e-05 35 0.0014163358 0.7677000000000245
332 0.024474168196320534 35 0.024474168196320534 35 0.15615837 0.7670000000000246
333 0.0034125247038900852 26 0.0020518905948847532 35 0.04562782 0.7663000000000246
334 0.003260544966906309 35 0.003260544966906309 35 0.03896676 0.7656000000000247
335 0.0028548836708068848 34 0.0027263450901955366 35 0.034064107 0.7649000000000248
336 0.00021031100186519325 28 0.00015049254579935223 35 0.001027367 0.7642000000000249
337 0.00043998839100822806 25 0.00024678895715624094 35 0.01021625 0.7635000000000249
338 0.011350964196026325 35 0.011350964196026325 35 0.02535576 0.762800000000025
339 0.003651793347671628 35 0.003651793347671628 35 0.030359963 0.7621000000000251
340 0.0019022595370188355 35 0.0019022595370188355 35 0.016326658 0.7614000000000252
341 0.0011088254395872355 35 0.0011088254395872355 35 0.012072111 0.7607000000000252
342 0.18541905283927917 35 0.18541905283927917 35 1381.7346 0.7600000000000253
343 0.0017378029879182577 35 0.0017378029879182577 35 0.0025062473 0.7593000000000254
344 0.012721166014671326 34 0.008187199011445045 35 0.06958298 0.7586000000000255
345 0.04766256734728813 35 0.04766256734728813 35 0.20133394 0.7579000000000256
346 0.02142755128443241 26 0.005078747868537903 35 0.2704616 0.7572000000000256
347 0.008614882826805115 30 0.0018976633436977863 35 0.06827487 0.7565000000000257
348 0.009319168515503407 35 0.009319168515503407 35 0.00443332 0.7558000000000258
349 0.00010663025022950023 27 4.339615043136291e-05 35 0.0012700898 0.7551000000000259
350 0.0015353988856077194 25 0.0007661264389753342 35 0.019094607 0.7544000000000259
351 0.011537103913724422 29 0.011420167982578278 35 0.10950043 0.753700000000026
352 0.0008585184696130455 25 0.0008071658085100353 35 0.011805874 0.7530000000000261
353 0.0019148681312799454 35 0.0019148681312799454 35 0.0031125278 0.7523000000000262
354 0.0003773497592192143 34 0.0003582855861168355 35 0.005244133 0.7516000000000262
355 0.0010297519620507956 35 0.0010297519620507956 35 0.008727437 0.7509000000000263
356 0.0007419776520691812 33 0.0003980710753239691 35 0.0072389906 0.7502000000000264
357 0.019690370187163353 35 0.019690370187163353 35 0.07564267 0.7495000000000265
358 0.009403631091117859 27 0.004146646708250046 35 0.105046034 0.7488000000000266
359 0.0007843145867809653 31 0.00030551530653610826 35 0.0053157327 0.7481000000000266
360 0.0005617060814984143 31 0.000523746944963932 35 0.0072652544 0.7474000000000267
361 0.0012534457491710782 24 0.00017794800805859268 35 0.008965163 0.7467000000000268
362 0.0014639097498729825 35 0.0014639097498729825 35 0.0022271222 0.7460000000000269
363 0.002421964192762971 35 0.002421964192762971 35 0.01794484 0.7453000000000269
364 0.0015165215590968728 24 0.0013531447621062398 35 0.022501923 0.744600000000027
365 0.00045768203563056886 33 0.00026890324079431593 35 0.002389342 0.7439000000000271
366 0.002061037812381983 35 0.002061037812381983 35 0.0117167905 0.7432000000000272
367 0.0008057263330556452 26 0.0008045308059081435 35 0.018686203 0.7425000000000272
368 0.0010086513357236981 35 0.0010086513357236981 35 0.0014763103 0.7418000000000273
369 0.11149836331605911 35 0.11149836331605911 35 852.3331 0.7411000000000274
370 0.003129024524241686 27 0.00046796040260232985 35 0.024722671 0.7404000000000275
371 0.0008397050551138818 35 0.0008397050551138818 35 0.0010382385 0.7397000000000276
372 0.07510700076818466 32 0.02457662858068943 35 1531.0302 0.7390000000000276
373 0.0019167225109413266 33 0.0009719196241348982 35 0.009595769 0.7383000000000277
374 0.0008494985522702336 25 0.0006645809626206756 35 0.011443956 0.7376000000000278
375 0.0024078486021608114 27 0.0007897259783931077 35 0.018237062 0.7369000000000279
376 0.0027438593097031116 32 0.0011728073004633188 35 0.013598922 0.7362000000000279
377 0.004251318983733654 35 0.004251318983733654 35 0.016557246 0.735500000000028
378 0.00023699678422417492 30 0.00021178112365305424 35 0.0021306765 0.7348000000000281
379 0.008865692652761936 35 0.008865692652761936 35 0.06632206 0.7341000000000282
380 0.000809850636869669 33 0.0005030923639424145 35 0.004119195 0.7334000000000283
381 0.05089053139090538 28 0.0014171178918331861 35 0.41532817 0.7327000000000283
382 0.001774476026184857 35 0.001774476026184857 35 0.014570541 0.7320000000000284
383 0.0009086223435588181 27 0.0007056168396957219 35 0.016167298 0.7313000000000285
384 0.054109007120132446 35 0.054109007120132446 35 0.30257812 0.7306000000000286
385 0.002109570661559701 35 0.002109570661559701 35 0.020065041 0.7299000000000286
386 6.112137634772807e-05 35 6.112137634772807e-05 35 0.00046845945 0.7292000000000287
387 0.004147761035710573 30 0.0017457605572417378 35 0.056140892 0.7285000000000288
388 0.017821108922362328 35 0.017821108922362328 35 0.24236645 0.7278000000000289
389 0.0031406863126903772 35 0.0031406863126903772 35 0.033475637 0.727100000000029
390 0.002077991608530283 32 0.0007770786178298295 35 0.020566884 0.726400000000029
391 0.002458692528307438 33 0.0022491146810352802 35 0.013578235 0.7257000000000291
392 0.00243848143145442 35 0.00243848143145442 35 0.016293913 0.7250000000000292
393 0.003710836870595813 35 0.003710836870595813 35 0.016595699 0.7243000000000293
394 0.00839468277990818 35 0.00839468277990818 35 0.042064458 0.7236000000000293
395 0.0008704091305844486 33 0.0007620025426149368 35 0.012291851 0.7229000000000294
396 0.004612423479557037 27 0.0013694282388314605 35 0.08744436 0.7222000000000295
397 0.002883142326027155 30 0.0008996321121230721 35 0.029767066 0.7215000000000296
398 0.008580914698541164 28 0.0027048129122704268 35 0.10355003 0.7208000000000296
399 0.012444364838302135 31 0.003096788190305233 35 0.07040933 0.7201000000000297
400 0.0009130776743404567 35 0.0009130776743404567 35 0.0066797053 0.7194000000000298
401 0.008373668417334557 35 0.008373668417334557 35 0.022039372 0.7187000000000299
402 0.015658151358366013 35 0.015658151358366013 35 0.10404751 0.71800000000003
403 0.03365786373615265 34 0.024394068866968155 35 0.24504262 0.71730000000003
404 0.015600768849253654 29 0.010761340148746967 35 0.14475968 0.7166000000000301
405 0.015453549101948738 32 0.006018003448843956 35 0.14678672 0.7159000000000302
406 0.05571037903428078 34 0.05407019332051277 35 0.18949883 0.7152000000000303
407 0.004578113090246916 35 0.004578113090246916 35 0.016356643 0.7145000000000303
408 0.004926158115267754 32 0.004150690045207739 35 0.024768932 0.7138000000000304
409 0.0029886080883443356 33 0.0023220349103212357 35 0.006158822 0.7131000000000305
410 0.005733571946620941 31 0.0036857197992503643 35 0.061713118 0.7124000000000306
411 0.03560515120625496 35 0.03560515120625496 35 0.15585095 0.7117000000000306
412 0.019793711602687836 35 0.019793711602687836 35 0.0485718 0.7110000000000307
413 0.009961620904505253 35 0.009961620904505253 35 0.054608494 0.7103000000000308
414 0.03182290121912956 29 0.006205293815582991 35 0.24030383 0.7096000000000309
415 0.004034833982586861 35 0.004034833982586861 35 0.02225526 0.708900000000031
416 0.00761816930025816 35 0.00761816930025816 35 0.043397017 0.708200000000031
417 0.002385485917329788 35 0.002385485917329788 35 0.010321032 0.7075000000000311
418 0.0006493927794508636 32 0.00038919493090361357 35 0.0006401146 0.7068000000000312
419 0.007277178578078747 35 0.007277178578078747 35 0.031888407 0.7061000000000313
420 0.0012288986472412944 33 0.000545433082152158 35 0.007521741 0.7054000000000313
421 0.0008352815639227629 26 7.841573824407533e-05 35 0.010249624 0.7047000000000314
422 0.012899310328066349 35 0.012899310328066349 35 0.059576135 0.7040000000000315
423 0.018270794302225113 35 0.018270794302225113 35 0.10701562 0.7033000000000316
424 0.040574509650468826 28 0.012678329832851887 35 0.1727365 0.7026000000000316
425 0.002922251122072339 35 0.002922251122072339 35 0.028828977 0.7019000000000317
426 0.006030601914972067 30 0.0010068564442917705 35 0.03927364 0.7012000000000318
427 0.0818602442741394 26 0.024470414966344833 35 3303.352 0.7005000000000319
428 0.00012381462147459388 32 6.540381582453847e-05 35 0.0019206569 0.699800000000032
429 0.042311374098062515 34 0.040256109088659286 35 0.2942408 0.699100000000032
430 0.010659400373697281 35 0.010659400373697281 35 0.122202344 0.6984000000000321
431 0.0014002640964463353 33 0.0008934720535762608 35 0.008844805 0.6977000000000322
432 0.009633705019950867 33 0.006283169146627188 35 0.040525947 0.6970000000000323
433 0.03289305418729782 35 0.03289305418729782 35 0.09115879 0.6963000000000323
434 0.0006131218979135156 32 0.0005205447669140995 35 0.010096128 0.6956000000000324
435 0.014670834876596928 35 0.014670834876596928 35 0.04342849 0.6949000000000325
436 0.005056797061115503 30 0.003531357506290078 35 0.044472843 0.6942000000000326
437 0.0117734270170331 35 0.0117734270170331 35 0.025948927 0.6935000000000326
438 0.016031380742788315 34 0.014577926136553288 35 0.16462415 0.6928000000000327
439 0.00973093044012785 29 0.007467420771718025 35 0.06554302 0.6921000000000328
440 0.0035537388175725937 33 0.002895017620176077 35 0.03270612 0.6914000000000329
441 0.00043722172267735004 35 0.00043722172267735004 35 0.004078524 0.690700000000033
442 0.0012822624994441867 32 1.2438191333785653e-05 35 0.02883729 0.690000000000033
443 0.01532787922769785 35 0.01532787922769785 35 0.3113447 0.6893000000000331
444 0.004737619776278734 26 0.0036449232138693333 35 0.064977385 0.6886000000000332
445 0.001595424022525549 35 0.001595424022525549 35 0.012888431 0.6879000000000333
446 0.03264922648668289 29 0.029213840141892433 35 0.30563134 0.6872000000000333
447 0.022999359294772148 33 0.0070383730344474316 35 0.07483022 0.6865000000000334
448 0.0012001350987702608 27 0.0004629120812751353 35 0.0028085462 0.6858000000000335
449 0.07499683648347855 35 0.07499683648347855 35 0.08331622 0.6851000000000336
450 0.003269900567829609 35 0.003269900567829609 35 0.044157915 0.6844000000000336
451 0.003919112496078014 35 0.003919112496078014 35 0.04983943 0.6837000000000337
452 0.02253609336912632 27 0.018617110326886177 35 0.40161952 0.6830000000000338
453 0.01572312042117119 34 0.015507367439568043 35 0.058877002 0.6823000000000339
454 0.015124080702662468 35 0.015124080702662468 35 0.05198922 0.681600000000034
455 0.0018303272081539035 32 0.0014222274767234921 35 0.019256862 0.680900000000034
456 0.034023914486169815 32 0.033307433128356934 35 0.3575486 0.6802000000000341
457 0.003338033566251397 32 0.0016871141269803047 35 0.011065261 0.6795000000000342
458 0.0020080269314348698 32 0.0006209930870682001 35 0.007653071 0.6788000000000343
459 0.01091875322163105 35 0.01091875322163105 35 0.07167296 0.6781000000000343
460 0.043317947536706924 35 0.043317947536706924 35 0.045970183 0.6774000000000344
461 0.00010900256165768951 29 4.158844240009785e-05 35 0.0011018506 0.6767000000000345
462 0.002791494131088257 35 0.002791494131088257 35 0.00060931087 0.6760000000000346
463 4.6684326662216336e-05 27 1.787870132829994e-05 35 0.00061378675 0.6753000000000347
464 0.001030472107231617 35 0.001030472107231617 35 0.0041020336 0.6746000000000347
465 0.0002697428280953318 35 0.0002697428280953318 35 0.0022460804 0.6739000000000348
466 0.001182465348392725 35 0.001182465348392725 35 0.007025619 0.6732000000000349
467 0.007590343244373798 35 0.007590343244373798 35 0.051411163 0.672500000000035
468 0.0005432816687971354 35 0.0005432816687971354 35 0.00408041 0.671800000000035
469 0.0003138156607747078 34 0.0002602486638352275 35 0.0038707962 0.6711000000000351
470 0.03773418813943863 35 0.03773418813943863 35 0.01221996 0.6704000000000352
471 0.002911882707849145 24 0.001918684458360076 35 0.061867338 0.6697000000000353
472 0.0060353390872478485 35 0.0060353390872478485 35 0.044222306 0.6690000000000353
473 0.009273181669414043 35 0.009273181669414043 35 0.031969145 0.6683000000000354
474 0.0022624253761023283 33 0.001345386728644371 35 0.047369536 0.6676000000000355
475 0.004782365635037422 29 0.0021125921048223972 35 0.043056548 0.6669000000000356
476 0.023603346198797226 32 0.022733941674232483 35 0.32220614 0.6662000000000357
477 0.00948700588196516 35 0.00948700588196516 35 0.02921704 0.6655000000000357
478 0.016934841871261597 24 0.0004246196476742625 35 0.12816899 0.6648000000000358
479 0.041348740458488464 31 0.003992506302893162 35 0.28170723 0.6641000000000359
480 0.0028806652408093214 28 0.001980187837034464 35 0.03643602 0.663400000000036
481 0.0022544364910572767 27 0.0003553802671376616 35 0.027859438 0.662700000000036
482 0.04199299216270447 35 0.04199299216270447 35 0.22984198 0.6620000000000361
483 0.025030627846717834 35 0.025030627846717834 35 0.10981012 0.6613000000000362
484 0.0330684520304203 34 0.026931213214993477 35 0.20912355 0.6606000000000363
485 0.162428081035614 35 0.162428081035614 35 1562.0812 0.6599000000000363
486 0.07772857695817947 35 0.07772857695817947 35 852.4735 0.6592000000000364
487 0.0026914060581475496 35 0.0026914060581475496 35 0.0057952357 0.6585000000000365
488 0.14221568405628204 35 0.14221568405628204 35 1312.505 0.6578000000000366
489 0.0016757911071181297 30 0.00020914401102345437 35 0.009519025 0.6571000000000367
490 0.09879612922668457 35 0.09879612922668457 35 852.6542 0.6564000000000367
491 0.021559253334999084 33 0.00957906898111105 35 0.0975112 0.6557000000000368
492 0.004377966746687889 31 0.0021633077412843704 35 0.0380465 0.6550000000000369
493 0.0013919833581894636 35 0.0013919833581894636 35 0.005820319 0.654300000000037
494 0.006714702118188143 35 0.006714702118188143 35 0.08390004 0.653600000000037
495 0.24453239142894745 31 0.19695229828357697 35 4599.398 0.6529000000000371
496 0.021051043644547462 35 0.021051043644547462 35 0.03431768 0.6522000000000372
497 0.019772963598370552 32 0.016171354800462723 35 0.17838708 0.6515000000000373
498 0.007883144542574883 34 0.0074671003967523575 35 0.010617165 0.6508000000000373
499 0.05082221329212189 35 0.05082221329212189 35 0.127554 0.6501000000000374
500 0.004355421289801598 31 0.0025681480765342712 35 0.083500646 0.6494000000000375
501 0.003532577073201537 35 0.003532577073201537 35 0.026447458 0.6487000000000376
502 0.04719424992799759 29 0.006723426282405853 35 0.5755765 0.6480000000000377
503 0.06404438614845276 35 0.06404438614845276 35 0.21868421 0.6473000000000377
504 0.007414188701659441 30 0.0058442372828722 35 0.05254948 0.6466000000000378
505 0.0061773196794092655 35 0.0061773196794092655 35 0.044306874 0.6459000000000379
506 0.17039278149604797 27 0.045195963233709335 35 3980.1328 0.645200000000038
507 0.08097194880247116 31 0.056519169360399246 35 1047.3315 0.644500000000038
508 0.05488111078739166 27 0.0158096794039011 35 0.40815294 0.6438000000000381
509 0.004673106595873833 25 0.0034454213455319405 35 0.052730814 0.6431000000000382
510 0.002561800181865692 35 0.002561800181865692 35 0.022703052 0.6424000000000383
511 0.01421459298580885 31 0.003267009975388646 35 0.13924786 0.6417000000000384
512 0.25168561935424805 35 0.25168561935424805 35 4901.9214 0.6410000000000384
513 0.003180104773491621 35 0.003180104773491621 35 0.014962409 0.6403000000000385
514 0.0690615177154541 35 0.0690615177154541 35 0.22274877 0.6396000000000386
515 0.002431051805615425 30 0.00010875990119529888 35 0.016630372 0.6389000000000387
516 0.004040285479277372 31 0.001984233967959881 35 0.036498014 0.6382000000000387
517 0.0010271698702126741 33 0.001014434383250773 35 0.019527603 0.6375000000000388
518 0.000267376919509843 34 0.0002357035264139995 35 0.0026971153 0.6368000000000389
519 0.005786068271845579 35 0.005786068271845579 35 0.02214881 0.636100000000039
520 0.0009575245785526931 35 0.0009575245785526931 35 0.0151097635 0.635400000000039
521 0.007324407808482647 35 0.007324407808482647 35 0.02424568 0.6347000000000391
522 0.002396453870460391 35 0.002396453870460391 35 0.0040515433 0.6340000000000392
523 0.0020686194766312838 35 0.0020686194766312838 35 0.0053623836 0.6333000000000393
524 0.01198748592287302 35 0.01198748592287302 35 0.036224946 0.6326000000000394
525 0.022990336641669273 35 0.022990336641669273 35 0.1001714 0.6319000000000394
526 0.0004476475587580353 35 0.0004476475587580353 35 0.0030838407 0.6312000000000395
527 0.03258942440152168 35 0.03258942440152168 35 0.0792914 0.6305000000000396
528 0.020750204101204872 35 0.020750204101204872 35 0.19059025 0.6298000000000397
529 0.17144955694675446 35 0.17144955694675446 35 2306.5562 0.6291000000000397
530 0.00532086007297039 35 0.00532086007297039 35 0.048870493 0.6284000000000398
531 0.010578064247965813 34 0.009791997261345387 35 0.042708926 0.6277000000000399
532 0.015687596052885056 34 0.014906619675457478 35 0.056999728 0.62700000000004
533 0.05753813311457634 30 0.013487492688000202 35 565.2559 0.62630000000004
534 0.09639666229486465 33 0.0678873211145401 35 415.25067 0.6256000000000401
535 0.005258170422166586 35 0.005258170422166586 35 0.046287052 0.6249000000000402
536 0.012415123172104359 35 0.012415123172104359 35 0.03349851 0.6242000000000403
537 0.018895799294114113 26 0.0069730523973703384 35 0.30132976 0.6235000000000404
538 0.05197123438119888 30 0.03674762323498726 35 0.2360367 0.6228000000000404
539 4.2953764932462946e-05 32 3.727975854417309e-05 35 0.00025672425 0.6221000000000405
540 0.23060467839241028 31 0.07991121709346771 35 2428.1316 0.6214000000000406
541 0.04652926325798035 35 0.04652926325798035 35 0.6457517 0.6207000000000407
542 0.0427384227514267 28 0.012936391867697239 35 0.44243887 0.6200000000000407
543 0.003375875996425748 35 0.003375875996425748 35 0.010081198 0.6193000000000408
544 0.0034557245671749115 33 0.003090795362368226 35 0.0104995705 0.6186000000000409
545 0.0005745651433244348 24 0.00040757370879873633 35 0.0063659716 0.617900000000041
546 0.02473154105246067 35 0.02473154105246067 35 0.265028 0.617200000000041
547 0.002152632921934128 33 0.0008551227510906756 35 0.032018095 0.6165000000000411
548 0.007136035244911909 30 0.002221630420535803 35 0.012554821 0.6158000000000412
549 0.002328346250578761 35 0.002328346250578761 35 0.008809562 0.6151000000000413
550 0.06641712039709091 31 0.05644071474671364 35 437.50693 0.6144000000000414
551 0.019482649862766266 33 0.014095277525484562 35 0.12690575 0.6137000000000414
552 0.054629549384117126 29 0.005255896598100662 35 565.09143 0.6130000000000415
553 0.11313668638467789 31 0.0701480507850647 35 1991.0282 0.6123000000000416
554 0.0659465342760086 28 0.06508823484182358 35 1389.2189 0.6116000000000417
555 0.050863005220890045 35 0.050863005220890045 35 0.2572668 0.6109000000000417
556 0.0016125477850437164 35 0.0016125477850437164 35 0.010281004 0.6102000000000418
557 0.0579613596200943 35 0.0579613596200943 35 415.2672 0.6095000000000419
558 0.016397805884480476 33 0.01229395903646946 35 0.14952646 0.608800000000042
559 0.08619514107704163 24 0.049681924283504486 35 809.7106 0.608100000000042
560 0.0052702100947499275 35 0.0052702100947499275 35 0.025533298 0.6074000000000421
561 0.010715347714722157 25 0.0010233820648863912 35 0.1245874 0.6067000000000422
562 0.007405462209135294 35 0.007405462209135294 35 0.022370595 0.6060000000000423
563 0.0018704109825193882 31 0.00038525357376784086 35 0.024198217 0.6053000000000424
564 0.02134230174124241 35 0.02134230174124241 35 0.07004841 0.6046000000000424
565 0.02694004401564598 33 0.0213019922375679 35 0.14260884 0.6039000000000425
566 0.02067081443965435 35 0.02067081443965435 35 0.091552176 0.6032000000000426
567 0.0012227327097207308 28 0.00020854354079347104 35 0.010474299 0.6025000000000427
568 0.016487089917063713 35 0.016487089917063713 35 0.080402665 0.6018000000000427
569 0.016611559316515923 34 0.01568521186709404 35 0.077833354 0.6011000000000428
570 0.002008201787248254 35 0.002008201787248254 35 0.027549138 0.6004000000000429
571 0.0029440666548907757 31 0.000990864704363048 35 0.021343408 0.599700000000043
572 0.079830601811409 29 0.04198867455124855 35 2881.4978 0.599000000000043
573 0.002147137653082609 23 0.0015796935185790062 35 0.013188818 0.5983000000000431
574 0.0038084399420768023 35 0.0038084399420768023 35 0.043614294 0.5976000000000432
575 0.0007029434782452881 33 0.00041769695235416293 35 0.004372019 0.5969000000000433
576 0.003997085615992546 35 0.003997085615992546 35 0.024221169 0.5962000000000434
577 0.0008743833750486374 35 0.0008743833750486374 35 0.002192796 0.5955000000000434
578 0.00934880692511797 35 0.00934880692511797 35 0.0076267174 0.5948000000000435
579 0.03234821557998657 31 0.015361557714641094 35 0.22263463 0.5941000000000436
580 0.033273689448833466 35 0.033273689448833466 35 0.081335366 0.5934000000000437
581 0.183633953332901 35 0.183633953332901 35 852.57214 0.5927000000000437
582 0.014861922711133957 31 0.005961262155324221 35 0.07124677 0.5920000000000438
583 0.0007212994387373328 23 0.0004483480588532984 35 0.010189436 0.5913000000000439
584 0.08802805095911026 35 0.08802805095911026 35 0.28996944 0.590600000000044
585 0.003984290640801191 35 0.003984290640801191 35 0.023848508 0.5899000000000441
586 0.0002573296951595694 30 8.339960186276585e-05 35 0.002517072 0.5892000000000441
587 0.0030751097947359085 35 0.0030751097947359085 35 0.049594603 0.5885000000000442
588 0.016353681683540344 35 0.016353681683540344 35 0.14372727 0.5878000000000443
589 0.006836126558482647 32 0.0031012860126793385 35 0.025662802 0.5871000000000444
590 0.013640368357300758 35 0.013640368357300758 35 0.081499934 0.5864000000000444
591 0.013176732696592808 27 0.013139251619577408 35 0.14456064 0.5857000000000445
592 0.00019770396465901285 35 0.00019770396465901285 35 0.0014385995 0.5850000000000446
593 0.012638661079108715 35 0.012638661079108715 35 0.053005658 0.5843000000000447
594 0.000912813819013536 35 0.000912813819013536 35 0.0064110435 0.5836000000000447
595 0.0005423458060249686 31 0.00028764887247234583 35 0.008631619 0.5829000000000448
596 0.003553609363734722 30 0.0014650917146354914 35 0.04790079 0.5822000000000449
597 0.028002111241221428 35 0.028002111241221428 35 0.19189087 0.581500000000045
598 0.0015541687607765198 31 0.0009592333226464689 35 0.023828156 0.5808000000000451
599 0.09730654209852219 35 0.09730654209852219 35 0.1422399 0.5801000000000451
600 0.01104066800326109 35 0.01104066800326109 35 0.036131136 0.5794000000000452
601 0.010838787071406841 35 0.010838787071406841 35 0.03594373 0.5787000000000453
602 0.0007649966864846647 35 0.0007649966864846647 35 0.0031964097 0.5780000000000454
603 0.04370097070932388 35 0.04370097070932388 35 0.19515875 0.5773000000000454
604 0.005815214477479458 35 0.005815214477479458 35 0.029014751 0.5766000000000455
605 0.0017354090232402086 30 0.0014604644384235144 35 0.015673442 0.5759000000000456
606 0.01636567898094654 34 0.015804516151547432 35 0.11704914 0.5752000000000457
607 0.001051328843459487 34 0.0006662992527708411 35 0.006704051 0.5745000000000458
608 0.004975880496203899 29 0.0033224208746105433 35 0.02679842 0.5738000000000458
609 0.07656757533550262 35 0.07656757533550262 35 415.36874 0.5731000000000459
610 0.006474408786743879 30 0.0016150232404470444 35 0.09011776 0.572400000000046
611 0.0042467848397791386 35 0.0042467848397791386 35 0.018521352 0.5717000000000461
612 0.008479369804263115 35 0.008479369804263115 35 0.07382482 0.5710000000000461
613 0.00023602244618814439 33 8.573308150516823e-05 35 0.0008360902 0.5703000000000462
614 0.005499630700796843 35 0.005499630700796843 35 0.08213231 0.5696000000000463
615 0.002149693900719285 33 0.0009541643084958196 35 0.013611345 0.5689000000000464
616 0.04863773286342621 25 0.0045565092004835606 35 0.34400547 0.5682000000000464
617 0.07679738104343414 35 0.07679738104343414 35 0.30345106 0.5675000000000465
618 0.006074334494769573 30 0.0018234489252790809 35 0.07577144 0.5668000000000466
619 0.0017610975774005055 29 0.00010735495743574575 35 0.027988916 0.5661000000000467
620 0.008935162797570229 32 0.003333589294925332 35 0.025382388 0.5654000000000468
621 0.0349913127720356 34 0.034748625010252 35 0.1376377 0.5647000000000468
622 0.028566572815179825 34 0.022972246631979942 35 0.12539771 0.5640000000000469
623 0.011228576302528381 32 0.006984561216086149 35 0.08813695 0.563300000000047
624 0.0720265656709671 28 0.026232045143842697 35 2279.3599 0.5626000000000471
625 0.004478538874536753 35 0.004478538874536753 35 0.017227039 0.5619000000000471
626 0.0024174023419618607 35 0.0024174023419618607 35 0.02108567 0.5612000000000472
627 0.0017058512894436717 35 0.0017058512894436717 35 0.016171988 0.5605000000000473
628 0.012452349066734314 32 0.009413358755409718 35 0.073455036 0.5598000000000474
629 0.06080062314867973 35 0.06080062314867973 35 437.72626 0.5591000000000474
630 0.023496432229876518 33 0.013418367132544518 35 0.1515068 0.5584000000000475
631 0.04101429879665375 35 0.04101429879665375 35 0.3526583 0.5577000000000476
632 0.002190950093790889 26 0.0004180336545687169 35 0.024871266 0.5570000000000477
633 0.0039946469478309155 35 0.0039946469478309155 35 0.070513256 0.5563000000000478
634 0.007702812552452087 35 0.007702812552452087 35 0.0399443 0.5556000000000478
635 0.0008589937351644039 34 0.0008391369483433664 35 0.0025556257 0.5549000000000479
636 0.041122958064079285 31 0.029630806297063828 35 0.3094166 0.554200000000048
637 0.013585214503109455 25 0.005969875026494265 35 0.1591138 0.5535000000000481
638 0.01731153018772602 35 0.01731153018772602 35 0.011504337 0.5528000000000481
639 0.00042607751674950123 27 0.00023935429635457695 35 0.0044597783 0.5521000000000482
640 0.0063185845501720905 21 0.0028866927605122328 35 0.11260464 0.5514000000000483
641 0.00865237321704626 33 0.004126702435314655 35 0.054770984 0.5507000000000484
642 0.0030714417807757854 25 0.0018540499731898308 35 0.052452907 0.5500000000000485
643 0.005979487672448158 33 0.00517625967040658 35 0.044383712 0.5493000000000485
644 0.00038434044108726084 27 0.0003470109077170491 35 0.0065800366 0.5486000000000486
645 0.0031074262224137783 35 0.0031074262224137783 35 0.004673173 0.5479000000000487
646 0.04655120521783829 34 0.04475994408130646 35 0.5313162 0.5472000000000488
647 0.260520875453949 33 0.21200090646743774 35 4002.5317 0.5465000000000488
648 0.0020881632808595896 32 0.0015087185893207788 35 0.02374616 0.5458000000000489
649 0.008665367029607296 33 0.00837783981114626 35 0.09698042 0.545100000000049
650 0.00752595579251647 32 0.0008400362567044795 35 0.053497784 0.5444000000000491
651 0.0006883654277771711 30 0.0005849513690918684 35 0.0069748745 0.5437000000000491
652 0.03149975463747978 33 0.02309565059840679 35 0.25982976 0.5430000000000492
653 0.036052968353033066 35 0.036052968353033066 35 0.21821542 0.5423000000000493
654 0.019931621849536896 35 0.019931621849536896 35 0.23547174 0.5416000000000494
655 0.0022717297542840242 35 0.0022717297542840242 35 0.001494016 0.5409000000000495
656 0.0013182573020458221 31 0.0009562232880853117 35 0.0058266507 0.5402000000000495
657 0.0002470976032782346 35 0.0002470976032782346 35 0.0030597409 0.5395000000000496
658 8.82266613189131e-05 30 5.174757825443521e-05 35 0.001116099 0.5388000000000497
659 0.001460229279473424 28 0.0005422692047432065 35 0.015697338 0.5381000000000498
660 0.0001335488195763901 35 0.0001335488195763901 35 0.0007381751 0.5374000000000498
661 0.006512616761028767 35 0.006512616761028767 35 0.018029254 0.5367000000000499
662 0.00013030081754550338 26 2.8276723242015578e-05 35 0.00092242734 0.53600000000005
663 0.006319317035377026 35 0.006319317035377026 35 0.031423774 0.5353000000000501
664 0.015635734423995018 35 0.015635734423995018 35 0.09872518 0.5346000000000501
665 0.00017367047257721424 24 0.00010392197873443365 35 0.00063182414 0.5339000000000502
666 0.007102333940565586 30 0.0058789788745343685 35 0.07238002 0.5332000000000503
667 0.000908479792997241 21 0.00030529877403751016 35 0.011268285 0.5325000000000504
668 0.0003884148027282208 30 0.00029705921770073473 35 0.0052129175 0.5318000000000505
669 0.0005916545633226633 20 0.0003396302636247128 35 0.006529929 0.5311000000000505
670 0.001420461107045412 35 0.001420461107045412 35 0.0060910415 0.5304000000000506
671 0.0011552395299077034 26 7.1540735007147305e-06 35 0.016949788 0.5297000000000507
672 0.00020616347319446504 24 0.0001484249223722145 35 0.0032391285 0.5290000000000508
673 0.00020121187844779342 30 0.00016195910575333983 35 0.003270744 0.5283000000000508
674 0.0020246508065611124 35 0.0020246508065611124 35 0.006042903 0.5276000000000509
675 0.04321540519595146 35 0.04321540519595146 35 0.17112377 0.526900000000051
676 0.0055150240659713745 34 0.004346975591033697 35 0.06572609 0.5262000000000511
677 0.0007111196173354983 32 1.710489232209511e-05 35 0.004263186 0.5255000000000511
678 0.001328738173469901 33 0.0008797456393949687 35 0.00766399 0.5248000000000512
679 0.0003247876593377441 35 0.0003247876593377441 35 0.001123985 0.5241000000000513
680 0.14928171038627625 35 0.14928171038627625 35 1312.4716 0.5234000000000514
681 0.03332769498229027 31 0.010833829641342163 35 0.34882993 0.5227000000000515
682 0.022702807560563087 34 0.020642409101128578 35 0.039595928 0.5220000000000515
683 0.002764073433354497 32 0.0011381416115909815 35 0.020192588 0.5213000000000516
684 0.0035734022967517376 31 2.7830230919789756e-07 35 0.022613393 0.5206000000000517
685 0.00012625509407371283 24 8.742591307964176e-05 35 0.0014433026 0.5199000000000518
686 0.034443385899066925 24 0.02622794173657894 35 0.24808303 0.5192000000000518
687 0.02919602580368519 34 0.012460163794457912 35 0.29210457 0.5185000000000519
688 0.0009485711925663054 35 0.0009485711925663054 35 0.004689848 0.517800000000052
689 0.05885053053498268 35 0.05885053053498268 35 0.2038424 0.5171000000000521
690 0.06511170417070389 35 0.06511170417070389 35 0.5914332 0.5164000000000522
691 0.0003126033116132021 23 0.00014339148765429854 35 0.0041225734 0.5157000000000522
692 0.00900750420987606 29 0.005362945143133402 35 0.20802398 0.5150000000000523
693 0.003570195287466049 35 0.003570195287466049 35 0.06417027 0.5143000000000524
694 0.02487989328801632 35 0.02487989328801632 35 0.10784723 0.5136000000000525
695 0.014588388614356518 35 0.014588388614356518 35 0.039069936 0.5129000000000525
696 0.013196705840528011 35 0.013196705840528011 35 0.049976617 0.5122000000000526
697 0.06253845989704132 32 0.04077102616429329 35 510.01285 0.5115000000000527
698 0.007428079377859831 35 0.007428079377859831 35 0.08410426 0.5108000000000528
699 0.01850111410021782 35 0.01850111410021782 35 0.27270776 0.5101000000000528
700 0.004498904105275869 35 0.004498904105275869 35 0.02692743 0.5094000000000529
701 0.3386247158050537 33 0.32352757453918457 35 4213.3286 0.508700000000053
702 0.006456753239035606 21 0.004649157635867596 35 0.12620007 0.5080000000000531
703 0.0025833810213953257 35 0.0025833810213953257 35 0.015650988 0.5073000000000532
704 0.015074392780661583 31 0.003950813785195351 35 0.1405504 0.5066000000000532
705 0.0012583056231960654 34 0.0002908197639044374 35 0.006923444 0.5059000000000533
706 0.03824866935610771 29 0.014884269796311855 35 0.41061834 0.5052000000000534
707 0.021194105967879295 34 0.02115705981850624 35 0.12894814 0.5045000000000535
708 0.016049016267061234 32 0.012273048050701618 35 0.17655315 0.5038000000000535
709 0.0022617781069129705 30 0.000478683621622622 35 0.029108671 0.5031000000000536
710 0.004910596646368504 27 0.0016592122847214341 35 0.08669436 0.5024000000000537
711 0.009417903609573841 33 0.007143465336412191 35 0.10271845 0.5017000000000538
712 0.026125306263566017 35 0.026125306263566017 35 0.19428721 0.5010000000000538
713 0.007065842393785715 35 0.007065842393785715 35 0.06763696 0.5003000000000539
714 0.11535900831222534 35 0.11535900831222534 35 460.25238 0.499600000000054
715 0.002561422297731042 29 0.0021201903000473976 35 0.028377311 0.4989000000000541
716 0.023767871782183647 29 0.003972493577748537 35 0.35160297 0.49820000000005416
717 0.067015141248703 35 0.067015141248703 35 0.11924471 0.49750000000005423
718 0.045079510658979416 29 0.014237510040402412 35 0.35482973 0.4968000000000543
719 0.0010230608750134706 35 0.0010230608750134706 35 0.0052869637 0.4961000000000544
720 0.006913062650710344 29 0.0024247223045676947 35 0.05101023 0.49540000000005446
721 0.019377510994672775 34 0.009076230227947235 35 0.062722474 0.49470000000005454
722 0.03941483795642853 35 0.03941483795642853 35 0.2277945 0.4940000000000546
723 0.0020627807825803757 25 0.001923722098581493 35 0.030861955 0.4933000000000547
724 0.005791510455310345 23 0.0026272484101355076 35 0.1279819 0.49260000000005477
725 0.021370533853769302 30 0.019374247640371323 35 0.28964034 0.49190000000005485
726 0.02481384575366974 27 0.005757785402238369 35 0.10815824 0.4912000000000549
727 0.0017259333981201053 32 0.001119839958846569 35 0.02236338 0.490500000000055
728 0.002030475763604045 33 0.00045954936649650335 35 0.010881048 0.4898000000000551
729 0.1405733823776245 30 0.033117540180683136 35 1284.8468 0.48910000000005516
730 0.044932276010513306 35 0.044932276010513306 35 0.08125332 0.48840000000005523
731 0.0010660924017429352 35 0.0010660924017429352 35 0.008821803 0.4877000000000553
732 0.010982229374349117 35 0.010982229374349117 35 0.066256374 0.4870000000000554
733 0.0043829986825585365 35 0.0043829986825585365 35 0.09805365 0.48630000000005547
734 0.012129298411309719 35 0.012129298411309719 35 0.028896969 0.48560000000005554
735 0.00590566685423255 35 0.00590566685423255 35 0.028771915 0.4849000000000556
736 0.016834089532494545 35 0.016834089532494545 35 0.05757007 0.4842000000000557
737 0.002858802443370223 35 0.002858802443370223 35 0.003689028 0.4835000000000558
738 0.000736173999030143 32 2.7971867893938906e-05 35 0.004627185 0.48280000000005585
739 0.003934018779546022 35 0.003934018779546022 35 0.01283525 0.48210000000005593
740 0.008654569275677204 27 0.00017789151752367616 35 0.03114918 0.481400000000056
741 0.006738002877682447 35 0.006738002877682447 35 0.06812558 0.4807000000000561
742 0.14447245001792908 35 0.14447245001792908 35 1312.5927 0.48000000000005616
743 0.001539988094009459 27 0.000351532333297655 35 0.02107891 0.47930000000005624
744 0.001087566022761166 32 0.0004690904461313039 35 0.012511511 0.4786000000000563
745 0.04795052111148834 35 0.04795052111148834 35 0.09848366 0.4779000000000564
746 0.028486240655183792 35 0.028486240655183792 35 0.11969189 0.47720000000005647
747 0.00255962205119431 33 0.002278662985190749 35 0.025890294 0.47650000000005654
748 0.011350088752806187 34 0.011200201697647572 35 0.13479139 0.4758000000000566
749 0.09550466388463974 30 0.05963195860385895 35 2206.1125 0.4751000000000567
750 0.0022959336638450623 35 0.0022959336638450623 35 0.033930417 0.4744000000000568
751 0.00114632083568722 34 0.0008788467384874821 35 0.0076458845 0.47370000000005685
752 0.03224959969520569 33 0.014872781932353973 35 0.2395945 0.47300000000005693
753 0.058638930320739746 35 0.058638930320739746 35 415.41183 0.472300000000057
754 0.006572905462235212 26 0.0010545888217166066 35 0.06176704 0.4716000000000571
755 0.0015385374426841736 30 0.0006331337499432266 35 0.023700865 0.47090000000005716
756 0.11597717553377151 35 0.11597717553377151 35 415.296 0.47020000000005724
757 0.08573614805936813 35 0.08573614805936813 35 852.4411 0.4695000000000573
758 0.003339662915095687 35 0.003339662915095687 35 0.010934619 0.4688000000000574
759 0.11485931277275085 35 0.11485931277275085 35 1409.7339 0.46810000000005747
760 0.005121731664985418 35 0.005121731664985418 35 0.05861056 0.46740000000005755
761 0.035277556627988815 32 0.017252542078495026 35 0.27673018 0.4667000000000576
762 0.01767081581056118 35 0.01767081581056118 35 0.073659316 0.4660000000000577
763 0.0018029261846095324 35 0.0018029261846095324 35 0.015496653 0.4653000000000578
764 0.021739671006798744 35 0.021739671006798744 35 0.11057061 0.46460000000005786
765 0.013532949611544609 35 0.013532949611544609 35 0.072901815 0.46390000000005793
766 0.020185356959700584 24 0.0005819732323288918 35 0.40835235 0.463200000000058
767 0.08555979281663895 35 0.08555979281663895 35 2307.3735 0.4625000000000581
768 0.004669059533625841 32 0.0015280982479453087 35 0.12332338 0.46180000000005816
769 0.02113598957657814 33 0.020901331678032875 35 0.34206274 0.46110000000005824
770 0.02770361118018627 24 0.021601248532533646 35 0.22738461 0.4604000000000583
771 0.062039412558078766 35 0.062039412558078766 35 1313.5067 0.4597000000000584
772 0.0056640636175870895 35 0.0056640636175870895 35 0.0074404795 0.4590000000000585
773 0.11346115171909332 35 0.11346115171909332 35 1312.8365 0.45830000000005855
774 0.10203137248754501 30 0.057571686804294586 35 1696.4556 0.4576000000000586
775 0.08279399573802948 34 0.07627055048942566 35 852.46533 0.4569000000000587
776 0.02684766612946987 34 0.024402135983109474 35 0.17973043 0.4562000000000588
777 0.0007342809694819152 35 0.0007342809694819152 35 0.00475262 0.45550000000005886
778 0.017409054562449455 30 0.007022421341389418 35 0.05418459 0.45480000000005893
779 0.05203957483172417 35 0.05203957483172417 35 0.14883967 0.454100000000059
780 0.009112849831581116 35 0.009112849831581116 35 0.031987686 0.4534000000000591
781 0.12927836179733276 35 0.12927836179733276 35 0.10994843 0.45270000000005917
782 0.1287219375371933 35 0.1287219375371933 35 1381.5385 0.45200000000005924
783 0.20614580810070038 35 0.20614580810070038 35 1797.5248 0.4513000000000593
784 0.0026121512055397034 33 0.0019733719527721405 35 0.031219017 0.4506000000000594
785 0.01000129897147417 35 0.01000129897147417 35 0.121422045 0.4499000000000595
786 0.03940539434552193 26 0.037278641015291214 35 0.6008453 0.44920000000005955
787 0.0007655477966181934 20 0.00021920690778642893 35 0.015994554 0.44850000000005963
788 0.02571369893848896 24 0.0048138960264623165 35 0.15010291 0.4478000000000597
789 0.09352229535579681 35 0.09352229535579681 35 0.361148 0.4471000000000598
790 0.006433079019188881 34 0.006271070800721645 35 0.07317144 0.44640000000005986
791 0.037710610777139664 35 0.037710610777139664 35 0.2578498 0.44570000000005994
792 0.010414361953735352 29 0.0057958136312663555 35 0.054323234 0.44500000000006
793 0.01911681517958641 35 0.01911681517958641 35 0.04837299 0.4443000000000601
794 0.020117884501814842 31 0.0017624611500650644 35 0.13351499 0.44360000000006017
795 0.06074205040931702 35 0.06074205040931702 35 415.5214 0.44290000000006025
796 0.060156308114528656 33 0.03436341881752014 35 0.3365689 0.4422000000000603
797 0.11331096291542053 35 0.11331096291542053 35 1312.4371 0.4415000000000604
798 0.007950498722493649 35 0.007950498722493649 35 0.06540337 0.4408000000000605
799 0.0563218891620636 31 0.03965938836336136 35 0.7244497 0.44010000000006055
800 0.036516208201646805 35 0.036516208201646805 35 0.092724025 0.43940000000006063
801 7.410172111121938e-05 35 7.410172111121938e-05 35 0.00088465883 0.4387000000000607
802 0.010121126659214497 29 0.00636831670999527 35 0.055434972 0.4380000000000608
803 0.0028446633368730545 35 0.0028446633368730545 35 0.010722663 0.43730000000006086
804 0.0006159339682199061 35 0.0006159339682199061 35 0.0024952032 0.43660000000006094
805 0.0012241736985743046 35 0.0012241736985743046 35 0.0071536964 0.435900000000061
806 0.019941996783018112 35 0.019941996783018112 35 0.07827475 0.4352000000000611
807 0.008083799853920937 29 0.006077455822378397 35 0.18859895 0.43450000000006117
808 0.013604320585727692 30 0.004494365304708481 35 0.053428777 0.43380000000006125
809 0.0012992511037737131 35 0.0012992511037737131 35 0.0017737816 0.4331000000000613
810 0.012778504751622677 35 0.012778504751622677 35 0.0456128 0.4324000000000614
811 0.002364580752328038 35 0.002364580752328038 35 0.010210263 0.4317000000000615
812 0.0029127863235771656 35 0.0029127863235771656 35 0.010585744 0.43100000000006156
813 0.003058349946513772 35 0.003058349946513772 35 0.022975847 0.43030000000006163
814 0.09542335569858551 32 0.05462825670838356 35 2428.0073 0.4296000000000617
815 0.00865178182721138 33 0.007037071511149406 35 0.13188781 0.4289000000000618
816 0.017699765041470528 34 0.017258690670132637 35 0.0142915435 0.42820000000006186
817 0.010219063609838486 33 0.00849602185189724 35 0.05068548 0.42750000000006194
818 0.008097711950540543 29 0.0012817472452297807 35 0.092625976 0.426800000000062
819 0.0006781775155104697 31 6.152661080705002e-05 35 0.0057461173 0.4261000000000621
820 0.008444694802165031 32 0.007479553576558828 35 0.11395395 0.4254000000000622
821 7.910288695711643e-05 35 7.910288695711643e-05 35 0.0008470352 0.42470000000006225
822 0.0006293951882980764 35 0.0006293951882980764 35 0.002147248 0.4240000000000623
823 0.04475927725434303 35 0.04475927725434303 35 0.039857555 0.4233000000000624
824 0.190084770321846 35 0.190084770321846 35 2306.5437 0.4226000000000625
825 0.01679735817015171 35 0.01679735817015171 35 0.04618954 0.42190000000006256
826 0.04543900489807129 33 0.03733610734343529 35 0.4693959 0.42120000000006264
827 0.006502238567918539 18 0.002578671555966139 35 0.083059415 0.4205000000000627
828 0.12257359176874161 32 0.11677192151546478 35 4628.822 0.4198000000000628
829 0.008695324882864952 32 0.008386165834963322 35 0.15476741 0.41910000000006287
830 0.07456929236650467 35 0.07456929236650467 35 852.4157 0.41840000000006294
831 0.01281009241938591 22 0.011507297866046429 35 0.3430831 0.417700000000063
832 0.004899926017969847 33 0.0038989936001598835 35 0.04319761 0.4170000000000631
833 0.047566454857587814 35 0.047566454857587814 35 0.48204163 0.4163000000000632
834 0.006529260892421007 35 0.006529260892421007 35 0.03477799 0.41560000000006325
835 0.017529133707284927 28 0.005630199797451496 35 0.22717218 0.41490000000006333
836 0.01385047473013401 34 0.012313359417021275 35 0.10649635 0.4142000000000634
837 0.028999194502830505 30 0.011416811496019363 35 0.29885745 0.4135000000000635
838 0.03636525571346283 35 0.03636525571346283 35 0.030993242 0.41280000000006356
839 0.04318895936012268 35 0.04318895936012268 35 0.44719288 0.41210000000006364
840 0.008826132863759995 29 0.0009753433405421674 35 0.03294465 0.4114000000000637
841 0.009070481173694134 35 0.009070481173694134 35 0.051369045 0.4107000000000638
842 0.11489344388246536 34 0.11217204481363297 35 4285.5757 0.41000000000006387
843 0.04351886734366417 35 0.04351886734366417 35 0.36322683 0.40930000000006395
844 0.0011124800657853484 35 0.0011124800657853484 35 0.01589075 0.408600000000064
845 0.001145593007095158 28 0.00031031135586090386 35 0.01590172 0.4079000000000641
846 0.008311362937092781 35 0.008311362937092781 35 0.023439541 0.4072000000000642
847 0.0003050183004233986 35 0.0003050183004233986 35 0.00054972654 0.40650000000006425
848 0.05980587750673294 28 0.0022755202371627092 35 0.22323036 0.40580000000006433
849 0.00033450499176979065 35 0.00033450499176979065 35 0.0014360952 0.4051000000000644
850 0.015766002237796783 29 0.003155316226184368 35 0.014667715 0.4044000000000645
851 0.007651428692042828 35 0.007651428692042828 35 0.0082365 0.40370000000006456
852 0.13235440850257874 33 0.11968418210744858 35 0.1332526 0.40300000000006464
853 0.00274623348377645 25 0.001692224177531898 35 0.060896814 0.4023000000000647
854 0.007273368537425995 34 0.007130179554224014 35 0.026209675 0.4016000000000648
855 0.004509640391916037 35 0.004509640391916037 35 0.0058695674 0.40090000000006487
856 0.037434764206409454 35 0.037434764206409454 35 0.21558504 0.40020000000006495
857 0.012465178035199642 30 0.004304125439375639 35 0.22013351 0.399500000000065
858 0.07352421432733536 35 0.07352421432733536 35 415.73135 0.3988000000000651
859 0.014034225605428219 22 0.0030851075425744057 35 0.21290478 0.3981000000000652
860 0.06515348702669144 35 0.06515348702669144 35 0.073897615 0.39740000000006526
861 0.07524517923593521 35 0.07524517923593521 35 0.2838194 0.39670000000006533
862 0.027772890403866768 30 0.004830863326787949 35 0.5303688 0.3960000000000654
863 0.05538404732942581 35 0.05538404732942581 35 415.59882 0.3953000000000655
864 0.08120883256196976 35 0.08120883256196976 35 415.53125 0.39460000000006556
865 0.02208711951971054 30 0.015881679952144623 35 0.31150615 0.39390000000006564
866 0.21573233604431152 29 0.11222265660762787 35 7479.2754 0.3932000000000657
867 0.01244463212788105 31 0.002714149421080947 35 0.066641115 0.3925000000000658
868 0.013824302703142166 35 0.013824302703142166 35 0.06499239 0.3918000000000659
869 0.012990668416023254 33 0.008267064578831196 35 0.13296425 0.39110000000006595
870 0.14458782970905304 29 0.14127053320407867 35 852.94446 0.390400000000066
871 0.08532840013504028 33 0.03507775068283081 35 0.3350985 0.3897000000000661
872 0.0023287134245038033 35 0.0023287134245038033 35 0.0033929609 0.3890000000000662
873 0.09194929152727127 32 0.041906893253326416 35 2992.916 0.38830000000006626
874 0.13717737793922424 30 0.036478832364082336 35 2555.7375 0.38760000000006634
875 0.014171208254992962 30 0.00816072802990675 35 0.16362076 0.3869000000000664
876 0.08058056235313416 33 0.07707858830690384 35 944.87354 0.3862000000000665
877 0.007879005745053291 34 0.0061101350001990795 35 0.052490998 0.38550000000006657
878 0.4395906329154968 31 0.26573678851127625 35 6710.713 0.38480000000006664
879 0.005631390027701855 20 0.0022867959924042225 35 0.10750742 0.3841000000000667
880 0.0007126339478418231 29 0.00047066633123904467 35 0.010559244 0.3834000000000668
881 0.057899102568626404 35 0.057899102568626404 35 415.4656 0.3827000000000669
882 0.006580286659300327 35 0.006580286659300327 35 0.024534814 0.38200000000006695
883 0.024505186825990677 35 0.024505186825990677 35 0.45532307 0.38130000000006703
884 0.04462870955467224 35 0.04462870955467224 35 0.1636976 0.3806000000000671
885 0.7834341526031494 30 0.4587704837322235 35 9139.345 0.3799000000000672
886 0.03151676803827286 33 0.031154565513134003 35 0.27896616 0.37920000000006726
887 0.005329851992428303 35 0.005329851992428303 35 0.044086777 0.37850000000006734
888 0.006070117931813002 35 0.006070117931813002 35 0.023771878 0.3778000000000674
889 0.21894986927509308 28 0.07775421440601349 35 9139.428 0.3771000000000675
890 0.004430391360074282 35 0.004430391360074282 35 0.037934143 0.37640000000006757
891 0.3853462040424347 35 0.3853462040424347 35 3194.9163 0.37570000000006765
892 0.053272493183612823 34 0.052882641553878784 35 1312.7566 0.3750000000000677
893 0.01791514828801155 35 0.01791514828801155 35 0.09495919 0.3743000000000678
894 0.0038832451682537794 35 0.0038832451682537794 35 0.018578012 0.3736000000000679
895 0.013342277146875858 29 0.006471332628279924 35 0.015027496 0.37290000000006795
896 0.08158861845731735 34 0.0800849050283432 35 0.51443887 0.37220000000006803
897 0.06901709735393524 33 0.0642767921090126 35 537.1569 0.3715000000000681
898 0.0038265911862254143 34 0.0021147439256310463 35 0.022098547 0.3708000000000682
899 0.015480340458452702 35 0.015480340458452702 35 0.022719383 0.37010000000006826
900 0.0061376928351819515 35 0.0061376928351819515 35 0.018866947 0.36940000000006834
901 0.01094155665487051 35 0.01094155665487051 35 0.04333874 0.3687000000000684
902 0.03732190653681755 29 0.03630281239748001 35 0.49609044 0.3680000000000685
903 0.006653886754065752 21 0.000560455780941993 35 0.16971233 0.36730000000006857
904 0.009358170442283154 34 0.008859075605869293 35 0.14969432 0.36660000000006865
905 0.0027914366219192743 31 0.0012462020386010408 35 0.022370923 0.3659000000000687
906 0.0009829644113779068 35 0.0009829644113779068 35 0.0033242821 0.3652000000000688
907 0.0017711510881781578 35 0.0017711510881781578 35 0.030583866 0.3645000000000689
908 0.023257127031683922 35 0.023257127031683922 35 0.10516298 0.36380000000006896
909 0.0018354019848629832 25 0.0011505807051435113 35 0.01916904 0.36310000000006903
910 0.005058863665908575 29 0.002903780434280634 35 0.0052572694 0.3624000000000691
911 0.0023181543219834566 21 0.0019923250656574965 35 0.05461672 0.3617000000000692
912 0.0011767977848649025 33 0.0009722088580019772 35 0.008893008 0.36100000000006927
913 0.024781690910458565 34 0.023679504171013832 35 0.23066235 0.36030000000006934
914 0.002866341732442379 35 0.002866341732442379 35 0.017085567 0.3596000000000694
915 0.004232028964906931 33 0.0038579320535063744 35 0.018452017 0.3589000000000695
916 0.010529741644859314 25 0.0003705667913891375 35 0.2716621 0.3582000000000696
917 0.005674283020198345 22 0.001725115580484271 35 0.021169202 0.35750000000006965
918 0.0017342438222840428 35 0.0017342438222840428 35 0.011948426 0.35680000000006973
919 0.10027844458818436 32 0.08665173500776291 35 0.20145833 0.3561000000000698
920 0.0006676820921711624 35 0.0006676820921711624 35 0.0064438665 0.3554000000000699
921 0.022042689844965935 35 0.022042689844965935 35 0.021865023 0.35470000000006996
922 0.11501007527112961 30 0.07600089907646179 35 2556.1526 0.35400000000007004
923 0.0063851503655314445 31 0.005198171827942133 35 0.0138723105 0.3533000000000701
924 0.03595317527651787 32 0.03234507888555527 35 0.14084959 0.3526000000000702
925 0.01757575012743473 35 0.01757575012743473 35 0.0018562544 0.35190000000007027
926 0.0027570179663598537 26 0.0017884295666590333 35 0.0062225796 0.35120000000007034
927 0.001881131436675787 35 0.001881131436675787 35 0.018791087 0.3505000000000704
928 0.11183346807956696 35 0.11183346807956696 35 1381.6697 0.3498000000000705
929 0.013885418884456158 29 0.01067882776260376 35 0.14037238 0.3491000000000706
930 0.015327307395637035 35 0.015327307395637035 35 0.16853404 0.34840000000007065
931 0.007048046216368675 35 0.007048046216368675 35 0.026949298 0.34770000000007073
932 0.017087819054722786 28 0.012436630204319954 35 0.24989298 0.3470000000000708
933 0.0008526721503585577 30 0.0007883177604526281 35 0.02233517 0.3463000000000709
934 0.09403080493211746 35 0.09403080493211746 35 852.7367 0.34560000000007096
935 0.018499648198485374 32 0.015617011114954948 35 0.22672445 0.34490000000007104
936 0.03317299485206604 35 0.03317299485206604 35 0.18179162 0.3442000000000711
937 0.0005603563622571528 31 6.251905142562464e-05 35 0.005756906 0.3435000000000712
938 0.006923046428710222 32 0.005690142512321472 35 0.054051094 0.34280000000007127
939 0.0031626070849597454 35 0.0031626070849597454 35 0.011335644 0.34210000000007135
940 0.0728512555360794 34 0.07067074626684189 35 595.05444 0.3414000000000714
941 0.04085298255085945 35 0.04085298255085945 35 0.11935861 0.3407000000000715
942 0.0008642958127893507 25 0.00020732497796416283 35 0.01560853 0.3400000000000716
943 0.0014372336445376277 32 0.0008396615157835186 35 0.018685792 0.33930000000007166
944 0.00024505949113518 35 0.00024505949113518 35 0.0009878171 0.33860000000007173
945 0.00401277607306838 35 0.00401277607306838 35 0.037865106 0.3379000000000718
946 0.0020724402274936438 30 0.0009558997116982937 35 0.0033147156 0.3372000000000719
947 0.0006291758618317544 35 0.0006291758618317544 35 0.006107673 0.33650000000007196
948 0.0007129099685698748 35 0.0007129099685698748 35 0.008994457 0.33580000000007204
949 0.0007925620884634554 31 0.0003111365076620132 35 0.01500897 0.3351000000000721
950 0.3024684488773346 32 0.1252204179763794 35 1785.8333 0.3344000000000722
951 0.056231603026390076 30 0.04199620336294174 35 0.6024386 0.33370000000007227
952 0.0006880841683596373 29 0.00012671665172092617 35 0.016991382 0.33300000000007235
953 0.020662441849708557 32 0.0072667598724365234 35 0.19470537 0.3323000000000724
954 0.005484621040523052 35 0.005484621040523052 35 0.012334735 0.3316000000000725
955 0.011692622676491737 35 0.011692622676491737 35 0.030924093 0.3309000000000726
956 0.16001957654953003 33 0.12021545320749283 35 2843.2231 0.33020000000007266
957 0.08892001211643219 31 0.08810709416866302 35 0.08901628 0.32950000000007273
958 0.05678197368979454 34 0.05524556711316109 35 0.3867895 0.3288000000000728
959 0.0016255307709798217 25 3.27231791743543e-05 35 0.005333211 0.3281000000000729
960 0.10109345614910126 35 0.10109345614910126 35 0.44837198 0.32740000000007297
961 0.0011777781182900071 35 0.0011777781182900071 35 0.011119793 0.32670000000007304
962 0.2905990183353424 35 0.2905990183353424 35 4002.5867 0.3260000000000731
963 0.03717593848705292 33 0.021653292700648308 35 0.30723104 0.3253000000000732
964 0.06347488611936569 24 0.014558419585227966 35 2082.975 0.3246000000000733
965 0.017925715073943138 35 0.017925715073943138 35 0.19446664 0.32390000000007335
966 0.009659419767558575 32 0.007006141822785139 35 0.034830023 0.32320000000007343
967 0.03704220429062843 31 0.020221048966050148 35 0.63377726 0.3225000000000735
968 0.006551198195666075 35 0.006551198195666075 35 0.0082558915 0.3218000000000736
969 0.0023574738297611475 29 0.0017421742668375373 35 0.016071241 0.32110000000007366
970 0.020647486671805382 35 0.020647486671805382 35 0.17511569 0.32040000000007374
971 0.011257750913500786 29 0.010234040208160877 35 0.06801548 0.3197000000000738
972 0.03688541054725647 25 0.020934760570526123 35 0.58809716 0.3190000000000739
973 0.015808844938874245 33 0.011148917488753796 35 0.02378551 0.31830000000007397
974 0.01574859581887722 30 0.008495096117258072 35 0.07590311 0.31760000000007405
975 0.001341542461887002 33 0.0009636096656322479 35 0.012250265 0.3169000000000741
976 0.0010064750676974654 35 0.0010064750676974654 35 0.0073652603 0.3162000000000742
977 0.004511125851422548 35 0.004511125851422548 35 0.0026082299 0.3155000000000743
978 0.008036671206355095 31 0.006223284639418125 35 0.14572988 0.31480000000007435
979 0.0018063916359096766 28 0.0001897372567327693 35 0.019595109 0.31410000000007443
980 0.011944679543375969 35 0.011944679543375969 35 0.054288 0.3134000000000745
981 0.012158701196312904 35 0.012158701196312904 35 0.03232861 0.3127000000000746
982 0.006074403878301382 25 0.004839340224862099 35 0.022875572 0.31200000000007466
983 0.03230614587664604 26 0.02000502683222294 35 0.63107854 0.31130000000007474
984 0.020359138026833534 35 0.020359138026833534 35 0.1420194 0.3106000000000748
985 0.0005746635724790394 35 0.0005746635724790394 35 0.002503289 0.3099000000000749
986 0.2148066759109497 33 0.1607988029718399 35 2843.1602 0.30920000000007497
987 0.4968802034854889 35 0.4968802034854889 35 4628.463 0.30850000000007505
988 0.030085889622569084 30 0.02068459801375866 35 0.32915387 0.3078000000000751
989 0.006605528295040131 35 0.006605528295040131 35 0.04420493 0.3071000000000752
990 0.00031671341275796294 29 1.6841541992107523e-06 35 0.005175417 0.3064000000000753
991 0.0017176575493067503 35 0.0017176575493067503 35 0.0030000398 0.30570000000007536
992 0.008364121429622173 33 0.007834039628505707 35 0.0031477872 0.30500000000007543
993 0.07695607095956802 32 0.06562412530183792 35 0.014141801 0.3043000000000755
994 0.025761257857084274 24 0.006202182732522488 35 0.4729115 0.3036000000000756
995 0.007042648270726204 35 0.007042648270726204 35 0.049470954 0.30290000000007566
996 0.001195774064399302 30 0.0007815067074261606 35 0.015059846 0.30220000000007574
997 0.011565406806766987 31 0.0030147393699735403 35 0.12696166 0.3015000000000758
998 0.013294295407831669 33 0.007379204034805298 35 0.093816265 0.3008000000000759
999 0.010919211432337761 35 0.010919211432337761 35 0.059310403 0.300100000000076
