2 2 0 8 13 8 0 11 14 14 10 8 12 10 3 10 15 11 4 0 8 15 6 9 8 12 14 8 15 1 3 6 14 5 5 0.05873953551054001
7 11 10 13 0 9 12 6 7 14 14 10 12 10 5 3 11 8 4 5 0 8 11 5 3 4 15 4 14 0 3 0 15 13 5 0.055374905467033386
8 8 4 11 12 11 9 14 13 14 6 0 6 2 10 11 0 6 4 13 0 5 3 1 8 0 4 3 6 4 6 6 2 7 5 0.08235140889883041
10 13 4 13 11 6 9 9 14 9 3 10 9 7 7 15 15 4 3 0 15 12 13 13 9 15 2 2 4 14 3 1 10 12 2 0.20226672291755676
11 15 9 14 5 5 1 7 7 4 5 2 9 6 13 8 9 10 5 3 1 13 8 11 1 11 5 7 1 5 4 7 7 13 10 0.06506872177124023
10 8 3 10 7 13 13 0 1 12 15 15 9 1 0 0 15 6 6 15 15 13 1 15 7 13 5 5 10 10 1 13 10 14 7 0.15005555748939514
3 8 3 15 8 7 14 9 13 10 0 9 12 11 9 15 5 13 13 0 5 8 3 5 12 10 2 10 14 15 5 15 3 13 1 0.12698157131671906
14 15 15 6 5 14 1 13 13 6 9 4 15 12 9 8 12 14 3 0 2 1 5 5 6 4 0 7 1 4 6 13 6 2 14 0.057913683354854584
11 15 7 0 4 14 15 15 9 11 13 0 0 9 10 13 5 7 0 0 14 6 14 4 5 6 3 2 8 14 4 13 0 13 13 0.06255213916301727
6 13 13 11 12 6 6 8 15 8 1 13 13 15 10 1 2 13 6 3 5 7 2 3 10 2 8 15 2 1 13 7 13 5 15 0.06047862395644188
13 7 9 11 9 12 13 3 10 7 13 4 13 13 1 11 15 2 12 8 11 0 2 2 14 8 6 13 10 9 7 12 13 15 4 0.04035845398902893
13 0 3 7 13 14 13 13 11 0 8 12 4 3 10 13 5 1 5 13 13 5 3 15 7 5 4 3 6 13 14 14 14 3 3 0.06526827067136765
9 14 11 0 8 15 1 12 9 13 9 13 1 5 1 15 10 6 4 4 2 13 9 8 5 7 10 9 5 13 13 13 8 7 1 0.0867307037115097
0 15 10 10 10 7 9 15 9 14 0 3 10 5 4 12 13 7 1 13 5 15 0 5 4 15 14 11 10 10 5 0 10 10 6 0.06373981386423111
15 15 13 13 0 3 1 3 13 13 11 13 11 4 8 12 1 8 9 2 1 13 13 13 3 15 7 14 6 6 14 14 5 8 1 0.13788865506649017
4 8 10 15 14 11 7 15 0 15 10 14 14 0 12 9 14 14 10 13 10 10 13 1 10 2 11 10 2 5 4 15 5 5 14 0.057278700172901154
7 10 2 5 13 8 0 0 13 8 10 8 11 15 5 0 5 13 15 7 0 0 6 8 5 0 13 13 13 13 13 7 9 0 3 0.05081295594573021
7 6 10 14 14 14 6 14 10 14 14 14 13 14 14 11 5 13 9 2 13 13 13 2 1 4 0 10 0 10 3 0 0 5 0 0.05394363030791283
5 0 0 0 3 12 12 0 3 15 11 5 11 15 2 4 1 14 12 2 0 0 0 7 13 0 0 0 5 0 0 15 2 5 9 0.05597812309861183
1 4 0 13 0 0 0 5 0 10 9 15 15 0 0 2 6 5 3 0 6 0 0 3 0 0 15 8 0 11 15 8 1 0 10 0.03477449715137482
7 5 0 10 8 14 9 12 12 7 7 0 8 14 9 0 1 0 11 12 0 5 0 5 0 0 7 0 0 0 7 11 4 14 4 0.0015989553648978472
12 7 0 8 10 0 0 11 10 0 0 0 4 0 0 14 0 3 3 0 0 0 4 0 1 5 10 12 7 6 9 8 9 0 0 0.12660589814186096
7 14 0 14 0 13 0 3 10 10 15 1 7 14 8 1 12 8 0 2 7 7 7 14 4 15 5 4 10 15 8 10 0 10 1 0.03956123813986778
5 1 7 13 9 15 15 10 8 8 8 8 0 4 5 5 5 2 4 15 13 5 15 8 12 0 10 11 14 6 6 0 5 14 15 0.13497740030288696
5 8 4 8 0 0 8 7 9 14 12 12 10 8 12 1 12 0 9 9 6 6 13 6 4 8 5 5 14 0 15 9 5 5 5 0.022023728117346764
11 13 15 1 2 9 7 10 13 12 7 12 12 12 10 3 11 13 0 15 7 15 14 10 10 3 2 7 5 10 12 9 12 3 9 0.15048107504844666
7 10 10 3 9 10 7 7 12 10 10 10 10 10 10 10 10 0 11 4 10 10 5 0 15 5 5 13 3 12 15 0 2 14 14 0.07769592851400375
14 7 0 0 0 14 11 0 0 14 0 15 2 0 11 0 0 0 0 0 3 15 0 15 0 0 2 4 10 15 0 14 0 12 12 0.23172496259212494
7 0 13 13 0 0 8 7 14 13 10 14 10 10 10 6 0 2 15 12 12 12 10 4 0 0 0 4 0 0 7 10 10 1 13 0.05710875988006592
7 11 0 0 0 10 8 4 0 0 0 10 15 0 1 10 11 0 9 7 4 7 3 2 0 0 0 11 4 12 0 11 5 3 10 0.0828569158911705
15 9 0 13 0 15 9 14 13 10 10 14 14 4 10 9 14 8 4 10 14 11 4 4 7 0 0 5 4 4 4 14 10 7 13 0.03699081391096115
14 15 6 14 4 0 11 0 15 9 5 5 0 0 11 0 0 14 0 0 0 12 0 8 6 2 15 15 11 0 0 0 0 13 15 0.054302554577589035
0 0 15 0 11 7 11 15 15 6 0 8 0 0 13 15 15 0 2 0 3 3 1 0 0 4 2 0 15 4 6 0 0 0 14 0.5251783132553101
8 10 10 8 15 6 0 1 0 2 0 0 0 0 12 0 11 0 6 15 3 0 0 6 0 0 1 14 0 9 9 3 13 1 5 0.051408179104328156
14 7 0 9 0 1 8 10 13 0 2 0 0 0 0 0 8 13 1 5 0 0 0 0 6 0 0 2 7 0 12 8 3 6 5 0.10051126033067703
0 15 0 0 0 0 13 0 0 13 15 1 0 4 3 5 0 0 0 15 4 12 4 0 9 13 5 0 0 0 0 9 6 9 5 0.2091948390007019
0 0 7 0 0 0 0 4 0 0 0 0 9 15 0 10 3 0 11 0 6 6 0 0 0 14 0 2 2 0 10 3 8 13 0 0.02532206103205681
7 3 9 8 8 0 0 8 0 11 4 3 0 0 8 0 0 0 0 2 2 10 1 9 0 13 7 0 1 15 5 6 8 0 0 0.29942774772644043
8 0 10 12 10 1 14 0 0 14 0 0 0 0 9 0 0 0 2 5 13 0 9 0 8 12 0 0 0 6 0 15 0 0 3 0.21298818290233612
0 15 0 9 0 0 6 11 0 9 0 11 8 6 0 4 6 11 2 0 0 6 7 0 0 0 10 0 2 5 7 0 11 1 7 0.05429406836628914
0 0 0 0 0 9 0 0 0 13 0 0 0 6 3 0 14 5 8 6 0 0 0 0 0 9 8 12 0 3 10 14 0 13 0 0.04500630870461464
0 0 2 9 6 0 0 13 0 15 12 0 0 0 0 0 9 13 0 8 0 0 0 0 3 7 7 0 0 0 14 0 0 11 0 0.16507676243782043
6 0 0 7 13 0 0 0 12 14 0 9 0 14 12 5 0 1 0 5 7 0 9 0 11 0 0 0 11 1 0 0 0 0 4 0.1468631625175476
0 15 0 0 0 10 4 3 0 8 0 0 8 7 12 0 8 11 6 0 3 9 0 11 8 0 0 4 15 0 0 0 7 4 6 0.05590211972594261
0 0 0 15 10 12 0 0 0 15 0 0 7 14 11 3 0 4 0 8 0 1 13 0 3 13 11 0 0 0 5 0 0 2 11 0.08027654141187668
11 0 0 0 12 0 0 13 4 3 0 11 11 15 0 1 0 4 0 0 10 0 0 10 3 0 0 0 4 9 12 0 0 9 2 0.14948099851608276
10 0 12 6 0 5 9 0 0 0 8 15 0 0 0 0 14 0 0 8 5 13 11 11 1 0 6 11 0 0 0 0 0 7 0 0.1613444983959198
8 0 15 0 8 6 14 0 3 8 0 5 0 9 0 2 0 0 0 0 1 1 0 2 0 0 0 0 0 15 15 0 14 2 11 0.2526191473007202
0 13 0 0 0 0 0 2 15 9 6 0 0 11 9 11 0 0 0 0 0 11 2 14 0 0 0 0 1 6 12 10 0 0 8 0.15034519135951996
0 0 0 0 0 5 0 0 10 4 2 10 7 0 0 6 0 1 0 0 9 8 5 0 5 0 5 0 0 6 0 15 0 0 0 0.07478678971529007
9 0 14 0 1 8 11 0 9 0 0 0 0 0 1 1 0 1 0 0 3 0 14 9 0 6 0 13 8 11 0 13 12 0 0 0.010757028125226498
0 0 0 14 7 10 13 13 14 12 0 0 1 7 0 0 14 4 10 15 0 2 0 1 9 6 0 12 3 3 5 1 0 0 10 0.23816703259944916
0 1 0 0 7 0 0 0 15 0 10 0 11 7 0 8 10 11 0 8 15 11 1 0 3 15 3 11 8 4 0 0 0 0 0 0.05733230710029602
0 11 6 0 0 8 1 9 0 0 0 0 0 9 11 9 11 11 3 0 11 0 5 0 0 0 1 0 2 0 0 0 5 13 2 0.24333913624286652
0 0 12 0 13 1 15 6 12 0 0 0 9 15 13 15 0 0 2 0 0 15 12 0 0 2 0 0 13 0 0 1 0 0 0 0.056562162935733795
11 1 3 11 11 0 2 0 0 12 1 0 13 3 4 9 6 0 14 0 1 0 1 7 9 0 0 0 10 0 0 0 5 5 9 0.05889768898487091
5 7 0 13 0 4 3 1 2 13 14 5 0 4 15 5 0 0 7 0 9 9 0 0 0 0 10 14 0 11 0 14 4 0 0 0.0690649151802063
1 0 0 0 10 0 9 0 0 3 10 15 7 0 0 0 0 4 9 0 8 9 0 0 0 0 0 0 0 1 0 0 15 11 0 0.034187737852334976
0 11 9 7 0 0 1 0 0 0 0 1 1 0 5 0 1 0 14 0 6 0 11 10 2 0 0 6 0 0 9 0 11 0 0 0.20794551074504852
5 8 0 0 10 0 10 0 0 12 0 0 0 6 0 0 0 9 0 0 4 1 3 0 14 0 0 2 0 1 11 15 8 0 12 0.047650668770074844
12 0 6 0 14 0 7 9 0 0 10 0 0 0 0 13 0 15 0 5 0 2 0 0 9 0 4 8 0 3 0 0 14 0 0 0.27631571888923645
7 12 14 0 0 9 15 4 0 0 0 0 0 0 0 10 10 9 1 15 0 13 0 0 0 11 0 0 7 0 0 0 0 9 15 0.2446696013212204
0 0 7 11 0 0 10 5 5 0 8 0 11 0 8 9 0 3 0 0 1 0 7 0 13 0 3 0 11 0 7 3 0 9 0 0.06771999597549438
14 11 2 2 0 0 5 0 0 0 0 3 10 12 0 0 0 0 0 0 2 0 7 15 0 4 0 0 3 0 0 0 15 15 0 0.185481995344162
0 0 0 0 8 0 0 6 3 0 1 4 6 0 6 2 0 0 2 0 11 0 14 15 0 3 5 0 0 5 0 14 0 0 0 0.08197145164012909
0 0 0 0 0 0 0 0 0 0 12 0 0 0 12 13 9 13 0 1 0 0 11 8 0 12 0 2 0 0 0 0 3 1 0 0.19015000760555267
1 0 0 4 12 6 0 0 0 15 0 0 0 0 0 0 0 0 0 0 3 0 5 0 8 7 0 6 1 0 11 7 5 1 12 0.050564467906951904
0 1 0 0 2 0 0 0 12 0 0 13 0 12 0 0 0 0 0 0 13 3 5 0 4 3 0 0 15 11 0 12 0 0 0 0.1437254250049591
13 14 0 11 0 3 0 0 1 0 0 0 0 0 14 14 0 14 7 0 0 4 10 11 11 0 15 0 11 4 0 0 14 2 5 0.07284028828144073
5 11 8 13 0 0 3 14 8 14 5 5 5 5 2 9 14 0 11 0 2 0 5 6 4 5 2 0 0 0 14 9 4 14 0 0.0472477450966835
5 0 4 0 0 8 0 0 0 0 7 11 0 8 3 1 14 0 8 10 15 5 5 12 8 8 5 5 2 5 5 14 3 5 5 0.13048027455806732
15 15 1 7 0 13 0 0 0 0 0 13 0 0 15 5 5 5 5 14 3 7 5 0 0 0 0 0 5 9 10 10 0 12 15 0.08164406567811966
11 6 5 0 0 0 15 10 0 0 0 0 0 10 0 1 0 0 0 6 12 5 5 5 13 10 0 2 0 1 7 1 0 0 0 0.07669737190008163
3 0 0 0 0 2 0 6 0 0 0 0 0 13 1 0 14 0 0 0 10 12 13 5 7 0 4 5 5 0 0 0 9 8 4 0.058273158967494965
5 0 0 14 1 3 4 7 0 0 0 4 0 0 2 6 0 0 0 14 0 0 0 1 2 15 3 6 14 0 0 5 0 3 3 0.055937509983778
3 0 0 0 11 0 8 4 5 0 0 11 11 13 3 0 5 0 10 0 2 2 7 15 0 0 0 10 0 0 9 0 0 0 6 0.04829222708940506
5 9 0 0 11 7 14 0 0 11 0 1 0 0 0 4 15 13 10 11 0 1 1 0 3 0 15 12 4 6 12 0 6 5 5 0.08948703855276108
1 8 0 0 3 0 14 0 9 0 0 0 2 14 3 0 11 0 0 0 0 0 0 7 10 0 10 0 0 0 0 0 0 9 10 0.16395783424377441
5 15 2 0 0 9 0 0 0 0 0 9 0 14 15 10 15 2 0 0 0 7 2 3 0 0 0 11 0 0 5 5 0 5 11 0.15256966650485992
12 15 0 0 12 13 0 15 0 0 0 0 13 0 0 15 6 5 9 4 8 4 5 0 0 0 15 0 0 8 3 0 0 0 3 0.32552656531333923
15 0 8 0 0 12 9 0 8 12 15 13 0 0 0 4 0 13 7 5 9 0 1 7 4 10 0 0 8 15 5 5 13 13 1 0.1727941334247589
0 8 15 1 0 6 14 0 0 14 15 9 15 0 0 0 0 15 1 14 12 0 14 5 0 5 5 9 5 9 5 5 0 4 3 0.1103975921869278
15 0 14 0 5 3 15 8 0 0 11 0 0 10 0 0 0 0 0 7 0 0 14 15 15 0 0 0 4 0 11 10 10 15 12 0.07360401004552841
7 0 0 3 12 9 9 10 11 9 9 9 0 0 0 7 0 0 0 15 9 0 0 0 4 7 8 2 7 11 0 0 0 0 4 0.14391253888607025
0 8 4 15 0 0 0 0 0 0 0 0 0 12 0 0 7 7 0 14 0 12 0 11 0 0 0 0 0 0 0 0 0 3 0 0.09534361213445663
1 0 0 3 9 3 9 8 8 0 0 2 2 15 0 0 0 0 0 0 14 0 0 0 0 14 9 0 1 5 8 15 4 0 0 0.01775861717760563
11 0 15 0 10 0 0 0 0 0 1 4 0 6 11 8 0 13 3 0 0 2 4 0 0 0 0 0 0 0 0 0 0 0 11 0.032008860260248184
12 11 15 12 3 13 9 9 8 10 8 0 0 0 0 0 11 0 12 9 6 0 0 0 9 0 12 0 6 0 0 0 12 4 0 0.035158801823854446
15 0 0 4 0 1 0 3 9 15 5 11 15 8 0 1 0 0 9 9 9 9 0 9 11 9 9 4 0 6 0 4 0 0 13 0.06884375959634781
15 0 0 9 0 0 0 0 0 0 0 0 0 0 0 4 0 0 0 0 0 0 2 14 0 5 8 2 0 0 4 0 5 5 15 0.09863036125898361
15 0 5 0 10 0 7 15 6 0 1 15 13 0 8 2 13 15 0 0 0 0 4 0 0 0 10 0 0 8 0 0 0 0 0 0.06072685122489929
15 0 0 0 0 0 11 3 2 15 8 0 11 11 13 11 5 0 0 4 0 1 0 7 0 14 12 6 0 14 0 5 4 5 15 0.03443702682852745
0 0 0 0 0 6 0 2 3 14 0 11 0 13 0 0 0 5 0 14 0 7 2 0 3 0 3 2 12 0 9 10 14 0 7 0.12060863524675369
0 0 0 0 0 0 0 2 3 11 15 0 0 0 0 12 6 0 0 0 0 0 5 3 0 0 5 15 0 0 0 4 1 4 0 0.14513057470321655
0 0 0 4 0 7 5 5 13 0 13 0 12 14 10 8 0 0 1 12 0 5 4 0 0 0 6 0 0 10 0 13 0 0 0 0.056313496083021164
11 0 3 0 0 11 12 0 0 0 0 1 0 6 0 0 0 12 2 0 2 7 0 5 0 0 0 0 7 0 15 0 0 0 3 0.3616150915622711
12 15 0 0 9 3 0 10 0 2 0 0 11 0 0 0 0 15 3 0 0 4 0 0 0 7 0 0 0 8 0 4 0 0 0 0.06309980154037476
4 0 1 0 10 11 15 4 0 8 15 11 12 0 0 9 15 0 0 6 4 13 0 3 0 0 0 0 0 7 0 0 14 3 8 0.35602959990501404
0 0 0 0 7 14 0 0 1 0 0 0 0 0 0 3 1 0 0 0 0 0 0 10 0 8 11 0 12 0 0 5 3 0 0 0.026893386617302895
0 0 0 0 0 10 12 0 4 15 0 0 9 0 11 15 0 0 15 10 0 0 2 0 0 0 0 11 6 1 0 0 0 11 15 0.06570643186569214
0 2 0 0 0 0 13 0 0 0 0 8 0 1 0 0 0 0 1 0 3 7 0 0 6 0 15 10 12 0 8 11 4 0 0 0.23866119980812073
0 1 8 11 0 0 1 0 14 6 0 10 0 0 0 0 10 0 6 0 0 0 0 13 0 1 0 0 0 0 0 0 5 0 0 0.06266497820615768
0 0 0 12 9 0 3 0 0 13 6 0 1 13 0 12 2 4 0 6 13 0 0 2 0 5 1 0 0 0 13 5 0 9 0 0.19201511144638062
0 8 15 11 0 0 0 0 0 0 14 3 0 0 0 0 0 0 0 0 0 0 0 0 0 0 12 0 0 0 4 14 7 0 0 0.004053059034049511
2 0 0 10 13 8 6 13 11 9 0 9 0 11 3 9 0 0 0 4 8 0 0 2 7 0 2 1 15 14 0 12 0 4 0 0.05200137943029404
0 5 0 6 3 0 0 0 0 0 0 10 8 5 4 0 10 5 0 0 0 3 0 2 0 0 8 0 0 7 0 0 0 14 0 0.06304285675287247
5 0 0 0 11 4 0 11 0 0 0 0 13 0 0 3 0 4 5 4 7 11 9 0 13 0 0 0 0 0 0 5 5 3 12 0.20018738508224487
0 15 9 0 0 9 0 0 0 1 7 15 4 0 4 3 0 2 0 1 0 0 15 6 10 13 3 0 0 0 13 5 0 1 0 0.01657627709209919
15 0 0 6 0 0 4 0 0 0 8 12 0 8 15 0 0 0 0 4 5 4 10 14 0 14 0 12 12 3 6 0 5 0 0 0.158635675907135
15 0 0 0 8 0 0 0 0 0 0 0 0 0 15 0 0 0 0 0 0 0 0 7 0 0 7 1 0 0 10 0 0 0 0 0.5471550822257996
15 0 0 8 0 0 13 0 0 0 0 5 10 0 0 3 0 0 0 15 0 0 15 6 0 0 0 15 0 13 0 12 0 0 0 0.1312158852815628
15 0 0 3 5 6 15 0 0 0 7 1 13 12 5 2 6 5 15 0 13 0 6 0 0 0 0 0 0 5 0 9 0 0 10 0.04687323793768883
15 0 14 0 4 2 15 1 15 6 0 0 13 13 0 2 1 5 15 0 0 0 1 0 13 3 15 15 4 0 0 0 0 4 0 0.12483999133110046
15 0 0 0 0 0 0 0 0 0 0 5 6 0 9 0 0 0 0 0 0 0 9 15 2 11 0 4 0 0 0 15 0 0 0 0.12531541287899017
3 0 5 14 13 0 0 0 12 0 0 0 14 0 9 0 0 7 0 0 0 15 8 0 3 0 9 8 12 0 10 0 15 0 0 0.050245609134435654
15 6 0 1 9 0 0 11 0 0 0 8 0 15 15 6 0 0 0 0 0 0 0 5 15 0 9 11 0 0 1 0 5 15 0 0.10387670993804932
13 3 12 13 11 0 0 3 15 0 0 0 5 15 0 0 0 12 12 0 11 7 5 3 15 0 0 0 0 0 0 5 4 15 0 0.052174631506204605
15 0 0 12 11 0 0 0 0 0 0 11 3 15 0 14 0 13 0 7 15 0 1 15 4 9 8 12 8 13 5 3 15 0 0 0.04971566051244736
2 1 3 9 3 8 15 5 5 3 15 3 0 12 12 15 11 13 0 0 15 15 0 13 3 12 0 11 1 0 0 0 0 0 0 0.05561709403991699
15 0 12 15 3 15 11 0 0 0 8 12 12 9 1 0 0 0 0 0 13 0 11 0 0 12 5 15 0 5 8 12 3 7 12 0.11962057650089264
15 0 0 0 0 0 0 1 0 9 0 0 3 15 0 0 0 8 0 0 10 14 0 6 0 9 0 7 1 9 3 9 15 12 0 0.04069021716713905
3 0 13 9 13 0 0 0 3 3 0 0 1 0 0 0 0 0 2 0 6 3 15 9 0 13 0 0 0 8 1 2 8 0 0 0.11585582792758942
7 0 0 0 0 0 0 0 14 0 0 12 0 0 0 0 4 0 0 0 0 0 0 6 15 15 0 13 0 8 15 8 10 4 0 0.48428505659103394
15 0 11 0 0 2 6 0 0 4 0 0 0 4 5 0 15 0 0 0 0 0 0 0 1 1 7 0 13 0 0 0 0 2 12 0.06547601521015167
9 3 0 12 0 0 0 10 4 0 0 0 0 0 3 15 0 0 0 0 0 0 14 0 14 0 3 5 11 0 11 11 0 4 15 0.1161719411611557
5 1 10 12 3 15 0 0 0 0 0 0 11 0 0 13 7 0 14 13 0 0 0 0 0 15 0 0 0 1 5 0 10 15 0 0.08596291393041611
15 0 0 11 0 0 10 1 10 11 9 9 12 9 9 9 9 0 7 0 0 0 0 10 15 0 0 0 0 0 0 3 0 2 1 0.05056629702448845
12 15 8 13 0 3 1 15 0 0 0 0 0 9 0 0 0 13 9 0 10 0 15 4 5 0 0 4 6 11 13 9 8 5 9 0.0667530968785286
15 0 0 5 0 0 0 0 0 4 8 8 1 0 8 0 13 0 1 0 12 8 0 11 0 15 0 14 0 0 13 0 0 15 11 0.06926928460597992
5 0 0 13 14 0 0 0 0 0 0 0 0 0 0 0 0 8 0 1 0 8 0 0 3 13 0 0 4 0 0 0 0 14 0 0.13327139616012573
9 15 10 0 15 5 5 15 13 0 0 0 0 0 0 2 6 15 5 7 4 15 0 1 9 0 4 0 0 0 0 0 5 0 15 0.008245904929935932
5 0 0 0 0 0 0 8 0 14 0 0 0 0 0 10 0 1 0 0 6 0 8 0 0 0 0 0 1 0 0 2 0 0 0 0.08314619958400726
5 0 10 0 0 0 11 8 0 0 0 12 1 12 0 0 0 0 12 10 0 9 0 0 15 2 0 0 10 1 0 10 1 5 0 0.06608548760414124
5 0 0 0 0 0 7 0 0 0 11 8 0 0 0 0 0 13 0 7 0 3 15 0 10 0 0 6 0 8 0 13 0 0 0 0.762136697769165
5 0 13 0 12 7 13 5 0 0 10 2 0 10 0 0 0 11 0 9 14 0 0 0 0 0 0 0 1 0 0 0 0 0 2 0.33340272307395935
5 0 0 0 0 0 0 0 0 0 9 0 0 12 8 14 0 0 4 0 0 9 0 0 0 0 0 0 0 0 0 0 0 15 0 0.12220605462789536
5 0 0 0 0 3 5 14 0 0 7 0 8 11 0 13 10 2 0 3 0 0 0 0 11 5 0 3 0 2 1 15 0 5 0 0.09619490802288055
11 14 10 12 12 15 0 0 0 3 0 6 4 8 12 3 5 0 0 0 5 0 12 0 0 0 13 3 0 0 0 0 15 15 0 0.10735201835632324
4 5 4 0 13 0 11 15 13 0 10 13 6 9 9 10 3 11 2 5 4 0 0 0 6 13 15 0 0 0 0 7 0 5 0 0.011954580433666706
5 0 0 0 0 3 6 2 11 9 0 0 0 6 0 0 15 0 0 0 0 0 0 0 0 13 0 0 0 0 4 3 7 0 0 0.13861936330795288
5 0 0 0 0 0 0 0 0 6 2 0 3 11 0 8 8 0 13 11 4 0 7 0 0 0 0 0 1 0 0 0 0 0 0 0.29913780093193054
15 0 0 0 14 9 15 0 0 0 0 0 0 0 0 0 0 0 12 0 0 12 0 0 0 10 6 0 13 0 0 0 1 0 0 0.05761699005961418
5 0 0 0 11 0 0 0 0 0 1 0 0 0 0 0 0 0 0 0 0 0 0 0 0 0 0 9 0 0 4 13 8 0 0 0.04785727709531784
5 0 0 6 11 0 3 0 0 0 0 0 0 0 0 0 0 0 2 1 4 0 0 0 12 0 0 1 13 5 0 0 5 0 0 0.17418240010738373
10 0 5 0 0 0 0 0 0 0 0 0 10 0 0 0 0 0 4 0 5 0 0 0 0 0 0 15 2 5 0 0 14 0 0 0.5677410364151001
5 0 0 0 9 0 11 11 0 7 14 3 0 0 0 5 7 7 0 0 0 10 0 0 4 0 0 8 0 0 0 0 0 14 0 0.12122593075037003
5 0 7 0 0 7 0 14 0 0 0 0 0 15 0 0 15 11 0 0 0 9 5 5 0 0 0 8 11 0 0 11 0 0 0 0.05154414102435112
14 15 0 11 1 0 0 0 11 0 0 0 0 0 10 0 0 7 12 0 0 0 0 11 15 0 0 0 6 0 0 0 0 2 15 0.26175975799560547
5 1 14 0 0 0 14 0 0 1 0 11 13 0 0 0 0 0 0 13 10 0 13 7 11 5 13 0 0 13 0 3 0 0 0 0.09597369283437729
3 10 7 0 0 0 0 0 2 2 0 1 0 0 0 6 12 5 0 4 13 15 5 5 0 0 0 0 0 0 10 6 0 0 7 0.08627976477146149
5 0 12 0 0 0 0 0 10 0 0 2 5 0 0 0 15 0 0 15 3 3 0 0 0 13 2 5 0 10 5 6 0 0 0 0.15958112478256226
5 7 0 15 0 0 2 5 0 0 0 0 0 0 0 0 0 0 0 0 0 0 0 0 0 13 7 0 12 2 14 0 0 0 0 0.04070090875029564
15 5 13 0 0 0 0 0 0 0 7 0 0 7 0 4 9 15 15 0 15 13 15 0 5 15 3 0 0 13 7 0 0 13 0 0.08168365806341171
15 0 2 0 0 10 0 13 8 0 11 0 0 0 0 14 0 0 0 0 0 6 0 0 0 0 0 0 13 0 0 0 0 0 0 0.30672815442085266
15 0 8 1 6 0 0 0 0 2 0 1 1 6 0 0 0 0 0 0 0 6 4 7 0 0 7 0 0 10 0 0 0 0 0 0.18812069296836853
15 14 12 0 1 0 0 0 0 14 15 0 0 0 14 7 0 0 6 10 0 0 1 0 0 0 15 3 0 0 2 15 0 0 0 0.2945972681045532
15 6 1 0 0 0 0 7 7 0 0 0 0 0 0 0 0 0 11 5 7 0 1 10 0 0 15 6 0 14 0 0 0 0 12 0.3311547636985779
12 15 4 0 0 0 0 3 0 0 0 0 0 1 0 0 0 14 1 0 0 0 5 0 0 2 0 0 0 4 0 0 0 0 0 0.4318043291568756
15 13 0 2 0 0 0 0 0 10 0 0 0 0 0 10 0 9 0 0 0 3 7 0 7 0 0 0 8 15 0 11 0 0 0 0.22893425822257996
15 0 11 0 11 8 0 0 0 5 0 0 0 10 0 0 0 6 0 0 0 0 2 0 0 0 0 0 0 0 0 0 1 15 0 0.05635979026556015
4 3 1 0 0 0 0 8 12 0 8 15 0 0 9 0 0 0 0 11 6 0 0 0 2 0 0 0 0 0 0 0 3 10 7 0.3797280490398407
15 11 14 4 0 13 9 0 0 4 11 0 10 8 2 0 0 0 0 1 0 0 0 14 0 0 0 0 0 0 0 13 0 0 0 0.10182522982358932
15 0 7 3 0 7 0 0 9 0 0 6 0 10 0 0 0 0 0 10 0 0 0 11 0 15 0 0 4 0 0 0 0 0 7 0.14035506546497345
13 1 0 0 11 0 0 0 15 0 1 8 12 0 5 0 2 0 14 0 0 0 14 0 0 0 0 0 0 0 0 3 0 0 0 0.05636734515428543
15 5 4 0 0 0 0 0 0 0 1 11 0 0 0 9 7 0 0 3 15 4 2 1 14 0 10 0 6 3 0 14 7 11 0 0.0710047110915184
15 0 0 0 0 0 11 0 0 0 0 0 10 1 14 0 0 0 0 13 6 0 14 0 0 11 0 7 3 4 5 0 0 0 0 0.08366871625185013
15 0 0 14 0 0 0 0 14 10 0 0 15 0 0 1 0 0 0 2 0 5 0 10 0 2 0 6 0 0 14 0 6 0 2 0.34680700302124023
15 0 3 15 6 15 5 15 0 15 0 0 0 11 0 6 0 11 0 3 0 6 0 3 0 0 0 4 0 11 0 0 6 2 0 0.0795174390077591
15 0 0 11 0 14 0 15 0 9 0 0 0 11 0 0 4 0 15 15 0 0 7 0 0 5 15 0 0 0 1 0 5 0 15 0.1422869712114334
0 15 0 2 9 2 9 0 0 0 0 0 10 1 0 10 8 0 15 0 0 0 0 0 0 8 4 0 5 0 4 11 0 0 9 0.09071237593889236
5 0 4 0 0 0 15 0 10 13 9 0 0 7 0 0 0 0 0 4 5 5 5 0 11 0 0 0 0 8 14 0 0 0 0 0.06041718274354935
5 0 2 0 0 5 14 0 0 0 12 0 0 0 0 0 0 9 0 0 5 15 4 0 0 0 0 0 0 0 0 0 4 0 13 0.4879167675971985
4 0 11 0 0 0 1 4 0 9 4 13 0 8 0 0 14 12 0 0 0 13 15 0 3 0 0 0 0 0 0 0 2 10 15 0.05833367630839348
0 0 0 0 0 0 8 0 0 0 0 8 15 0 0 3 8 0 2 2 0 5 6 0 6 8 3 10 5 0 0 0 0 0 0 0.06403662264347076
0 5 0 10 0 7 0 0 13 0 0 0 0 0 0 0 0 0 0 10 0 0 0 0 0 0 6 14 0 13 15 12 0 0 5 0.0973755419254303
13 5 0 0 6 2 8 12 0 0 0 0 0 0 4 14 0 1 0 5 7 4 0 0 13 1 0 0 0 0 0 0 0 0 0 0.054383039474487305
0 0 0 0 0 0 0 0 0 9 15 0 0 0 0 12 2 0 0 0 0 2 0 0 7 9 4 14 0 0 9 0 0 0 0 0.06745059043169022
0 0 0 0 8 6 0 0 0 2 0 3 14 0 14 14 0 0 0 0 0 5 0 0 0 0 0 0 0 0 0 0 0 0 14 0.40743184089660645
0 12 0 0 0 0 0 4 11 0 0 2 13 5 13 8 15 0 0 0 15 5 6 0 0 0 0 7 0 0 0 2 0 0 10 0.16716153919696808
15 0 0 8 0 0 0 0 0 0 0 0 0 4 0 5 0 8 5 11 0 0 0 0 0 0 0 0 6 0 0 0 0 7 0 0.22395287454128265
0 0 0 0 0 0 12 0 0 0 9 0 9 0 4 0 11 1 0 13 0 0 0 4 0 0 7 6 0 0 11 0 5 12 4 0.08881523460149765
0 0 0 15 4 4 15 0 0 0 8 0 1 3 0 0 0 0 5 0 0 7 4 0 0 0 0 5 0 0 0 0 0 9 0 0.36068397760391235
0 0 0 0 0 0 8 0 0 0 2 0 15 0 4 5 0 0 0 0 0 2 0 0 14 6 15 13 0 6 0 0 0 0 0 0.07217119634151459
0 0 0 0 0 6 0 0 0 0 9 0 9 0 14 0 0 9 0 0 0 0 0 0 0 0 0 0 0 0 0 0 14 14 0 0.33295366168022156
0 0 0 0 0 12 13 0 7 0 0 0 0 0 4 0 0 0 0 0 14 0 0 1 0 15 13 3 0 13 11 0 5 7 0 0.09221936017274857
0 0 13 10 3 0 0 0 0 0 11 5 0 0 3 0 2 0 0 0 0 13 9 14 0 0 0 2 0 0 0 0 0 0 0 0.12147261947393417
15 8 6 0 2 4 0 15 0 0 0 1 0 2 0 0 0 0 14 0 0 0 1 0 0 0 1 5 8 0 11 0 0 0 0 0.1036284789443016
0 9 0 0 12 0 0 0 0 14 14 1 0 0 15 1 0 13 0 12 0 3 8 9 4 0 2 6 5 8 14 0 0 0 0 0.21815049648284912
0 7 0 13 0 10 9 0 0 0 0 0 0 0 0 0 0 0 0 7 0 0 0 0 15 0 3 11 0 0 2 0 0 2 0 0.10671919584274292
0 0 8 0 0 0 9 0 0 12 8 0 15 13 5 0 0 4 13 4 0 13 0 0 2 0 0 3 7 15 0 9 0 0 0 0.010604634881019592
0 0 0 0 0 0 0 0 0 0 0 0 0 0 0 6 0 0 0 2 0 9 0 0 10 10 0 0 0 0 0 0 0 0 0 0.04932167008519173
0 0 0 0 0 0 0 0 2 5 6 0 9 0 14 0 0 0 2 0 0 0 0 0 0 0 0 0 0 0 0 5 14 0 1 0.4412602186203003
13 0 0 2 6 0 0 0 11 0 0 0 6 0 0 10 0 0 0 0 0 0 6 0 0 2 0 8 0 0 2 0 0 0 0 0.10752183198928833
0 0 11 11 4 12 0 0 0 0 0 12 0 0 0 9 0 1 0 0 0 10 0 15 10 0 0 5 0 0 0 0 0 0 11 0.3479669690132141
0 0 0 0 4 12 0 0 0 0 0 1 11 0 0 0 0 11 0 8 0 0 0 0 2 9 0 0 0 8 0 0 0 0 0 0.007112328428775072
0 0 0 0 0 0 0 14 0 7 0 11 12 0 9 0 0 0 0 5 0 0 11 0 6 0 0 13 0 0 0 7 10 1 5 0.26594293117523193
5 0 1 11 0 0 0 15 8 0 8 0 0 0 0 0 0 0 0 0 0 0 0 0 0 8 0 0 0 0 0 15 0 0 4 0.13222920894622803
0 0 0 0 0 11 12 0 0 0 0 7 0 5 0 1 0 0 0 0 14 0 0 0 0 0 0 0 12 0 0 10 0 0 15 0.10895127803087234
0 0 7 13 0 0 0 0 11 0 0 0 0 12 9 0 0 6 6 0 14 5 8 13 0 0 0 15 0 0 0 5 0 0 0 0.4478870630264282
10 0 0 4 0 9 12 0 0 0 0 13 1 0 0 0 0 0 0 9 0 7 0 5 0 12 0 0 0 0 0 0 10 0 0 0.03134893253445625
7 0 0 0 14 12 0 0 0 0 0 0 0 0 0 8 11 11 14 12 9 0 0 9 6 4 0 1 0 0 0 0 0 0 0 0.24015288054943085
1 0 0 0 9 0 0 0 1 0 0 0 11 0 15 0 0 6 9 0 0 0 0 6 2 0 3 14 0 0 8 13 13 12 0 0.1168830394744873
0 11 3 0 0 0 15 0 0 0 11 0 9 7 15 0 0 0 0 15 0 12 9 0 5 0 0 11 0 3 0 0 0 1 8 0.08896796405315399
0 0 0 15 0 0 15 0 0 0 0 15 0 11 0 1 0 0 2 0 0 0 0 0 0 0 0 0 10 0 1 2 0 0 0 0.17379073798656464
7 0 0 3 0 0 0 7 0 4 0 0 5 11 0 0 0 9 9 3 0 0 0 4 5 0 3 0 0 0 13 5 2 0 0 0.11785594373941422
0 0 0 0 5 9 0 14 0 12 0 14 0 1 14 10 0 7 9 0 0 0 0 0 0 0 0 0 10 10 0 9 0 13 0 0.051803626120090485
0 0 0 0 14 0 0 0 0 0 0 0 0 0 0 2 0 12 0 0 0 0 0 0 0 3 6 10 0 0 0 0 0 8 0 0.025814753025770187
6 0 0 0 6 3 2 0 0 0 10 1 0 13 12 0 0 6 5 0 6 4 0 0 0 0 0 9 9 0 0 4 0 0 9 0.05689548701047897
0 12 0 0 2 0 13 2 0 0 7 0 0 3 0 0 0 0 0 0 11 0 8 0 0 0 0 0 0 0 0 3 0 0 8 0.1461496502161026
0 0 0 0 0 15 1 0 0 6 0 0 0 0 14 0 0 0 0 11 0 0 0 0 0 0 0 9 1 3 0 1 9 0 14 0.07609225809574127
10 5 0 0 0 0 2 0 0 0 0 9 0 0 0 0 0 0 7 0 0 5 0 0 0 7 0 0 0 0 0 0 15 0 0 0.060534317046403885
0 11 0 10 0 5 0 0 7 10 0 3 13 0 0 8 0 14 0 15 0 0 1 0 1 0 0 0 0 5 13 0 14 0 0 0.09128712117671967
12 0 0 0 0 0 0 0 0 0 0 0 7 0 0 0 9 0 0 0 0 7 12 6 0 0 0 0 0 0 14 2 0 10 0 0.17248569428920746
11 0 12 0 4 0 0 0 0 11 0 0 12 0 0 0 0 1 0 0 0 9 0 9 0 14 0 0 11 0 0 5 4 0 2 0.14127033948898315
0 1 0 0 0 7 0 13 15 0 0 0 0 0 0 7 0 0 2 0 8 0 0 3 0 0 0 0 0 3 0 0 0 0 0 0.4054672122001648
5 0 0 7 0 0 0 4 0 0 4 0 0 0 10 9 15 0 14 2 0 0 3 0 0 0 0 0 6 0 0 0 0 0 6 0.3284190893173218
0 15 0 4 0 0 0 0 0 0 0 0 0 0 0 0 0 7 0 0 0 0 0 12 0 0 6 9 0 2 0 0 0 0 12 0.3763529658317566
0 0 0 0 0 3 14 0 0 0 0 0 0 0 0 0 0 0 0 0 4 1 8 0 7 15 2 0 8 0 0 0 0 0 0 0.019729549065232277
0 5 10 0 15 0 0 0 0 0 15 5 0 0 0 0 15 0 0 0 0 5 0 0 0 0 0 0 3 0 7 8 0 0 0 0.07934018969535828
11 0 0 0 11 0 0 0 4 6 0 0 4 5 0 0 0 0 0 0 11 0 8 0 0 0 15 0 0 9 7 1 0 0 8 0.05010424926877022
0 0 0 0 0 0 0 0 0 0 0 0 0 8 0 2 0 6 10 0 0 14 11 0 7 0 0 0 0 0 13 5 11 0 0 0.057639747858047485
5 0 0 0 0 8 0 0 0 10 0 0 12 8 0 0 0 0 5 0 0 0 0 13 0 3 0 0 0 0 0 6 0 13 11 0.11496011912822723
5 3 12 0 12 1 0 14 0 0 0 0 0 0 0 8 11 13 0 0 0 15 0 0 0 0 0 0 0 9 11 0 14 0 0 0.2503853142261505
0 0 0 11 3 4 14 0 0 0 0 13 0 8 1 0 0 0 0 0 0 0 12 1 0 0 0 0 0 0 14 0 9 6 0 0.05138702690601349
0 0 9 9 0 0 0 0 6 13 0 0 0 0 0 6 0 0 0 0 0 0 0 0 2 15 1 0 1 13 0 0 0 0 0 0.1068294420838356
12 0 0 0 15 0 11 15 0 10 10 1 4 0 0 0 0 0 0 0 0 0 0 0 5 0 8 0 0 2 0 13 0 0 0 0.034524139016866684
0 14 9 0 0 0 0 0 0 0 4 13 0 0 0 13 0 0 0 0 0 0 0 0 0 0 0 10 0 0 0 0 13 0 0 0.028563307598233223
0 0 0 0 0 0 0 11 0 12 0 11 0 0 0 0 0 0 0 0 0 0 0 14 0 11 8 0 3 0 0 0 6 0 0 0.08206085860729218
0 0 0 0 0 0 0 0 0 0 0 0 0 0 0 7 0 0 0 0 0 0 0 0 0 5 0 0 0 0 0 0 15 13 0 0.06656069308519363
0 0 0 10 0 13 0 0 0 0 0 0 0 1 11 0 0 6 0 11 1 11 4 0 0 8 0 0 11 13 3 0 0 0 0 0.14842285215854645
0 0 0 0 0 0 0 0 0 1 0 9 0 12 0 8 0 8 0 0 0 2 4 0 0 0 0 14 7 3 0 0 13 0 14 0.3771485984325409
0 0 10 0 0 0 4 0 0 8 12 0 0 0 0 15 0 0 12 0 3 3 0 0 8 0 0 0 0 0 0 0 0 0 0 0.05069403350353241
0 0 11 7 0 0 0 0 0 0 13 0 0 0 0 0 0 0 0 0 0 0 0 0 0 2 0 0 0 0 2 0 6 0 0 0.5285390615463257
3 0 0 4 0 0 0 0 0 0 0 0 0 0 0 13 0 0 0 0 0 5 11 9 0 3 12 2 0 11 0 0 3 0 0 0.35963013768196106
0 0 0 0 0 2 3 0 9 0 0 8 0 0 0 0 0 0 12 0 0 0 0 0 0 0 0 14 10 0 0 0 0 13 0 0.10829717665910721
0 0 0 0 0 0 4 0 0 0 0 0 0 0 11 0 0 0 6 7 0 8 6 6 0 9 15 0 0 15 0 0 0 14 0 0.0019876619335263968
2 8 0 0 12 0 0 0 3 0 0 14 0 0 0 0 11 0 1 0 0 0 0 0 0 0 0 0 8 14 0 0 6 0 0 0.09729497879743576
0 0 0 11 0 0 15 0 0 0 0 0 0 0 0 4 5 0 15 0 0 0 0 0 0 0 0 0 12 0 0 10 0 0 11 0.5445231199264526
12 0 0 11 0 2 6 14 7 0 0 7 0 13 0 0 0 0 0 12 0 0 0 0 3 0 0 0 0 1 12 0 0 0 0 0.021392617374658585
0 0 10 7 0 5 0 0 0 0 0 3 5 0 0 0 0 0 0 0 0 2 11 0 0 0 1 0 0 0 0 0 0 0 0 0.05297946557402611
0 0 11 0 13 15 0 0 0 0 0 14 0 9 0 0 0 0 9 0 13 0 0 0 3 0 0 12 0 0 0 0 0 0 12 0.08102735877037048
0 0 8 13 0 0 0 0 0 0 0 0 15 13 0 0 8 15 0 0 0 0 0 0 3 0 0 0 0 11 0 0 0 0 0 0.026605146005749702
0 12 0 0 0 0 0 0 0 8 0 0 0 6 0 0 0 0 8 0 0 0 2 0 0 0 0 0 0 0 0 0 0 0 11 0.4744880795478821
0 0 13 11 0 0 0 0 0 12 0 0 0 8 0 0 0 5 13 0 0 0 0 4 0 11 0 0 0 0 0 0 0 0 6 0.4512386620044708
0 0 0 5 6 0 8 0 0 0 0 7 14 0 1 10 0 0 0 0 0 0 15 9 12 0 4 0 0 0 0 0 0 0 10 0.19169795513153076
