0 0.012023834511637688 35 0.012023834511637688 35 0.0021798697 0.99
1 0.0073118251748383045 34 0.004757667426019907 35 0.03261341 0.99
2 0.0005925217992626131 27 0.0005690106190741062 35 0.0059169675 0.99
3 0.0014880583621561527 33 0.001473858137615025 35 0.020992938 0.99
4 0.0012300610542297363 35 0.0012300610542297363 35 0.0034492514 0.99
5 0.00029160245321691036 35 0.00029160245321691036 35 0.001519904 0.99
6 0.0018832674250006676 35 0.0018832674250006676 35 0.0077593164 0.99
7 0.00041420201887376606 27 0.00021018843108322471 35 0.00818088 0.99
8 0.01068144105374813 34 0.01053655706346035 35 0.06954924 0.99
9 0.01333075575530529 34 0.013223573565483093 35 0.028542643 0.99
10 0.00839151255786419 34 0.00830667745321989 35 0.01732149 0.99
11 0.05873953551054001 35 0.05873953551054001 35 0.059546903 0.99
12 0.00031597097404301167 21 5.098284236737527e-05 35 0.0050425613 0.99
13 0.0012689814902842045 34 0.0012267858255654573 35 0.012106902 0.99
14 0.0005050920299254358 29 0.00045501074055209756 35 0.004684386 0.9896
15 0.00023489964951295406 35 0.00023489964951295406 35 0.0019186409 0.9889000000000001
16 0.0009914519032463431 35 0.0009914519032463431 35 0.00036551117 0.9882000000000002
17 0.0016834648558869958 33 0.0013494607992470264 35 0.012025901 0.9875000000000003
18 0.006543486379086971 30 0.0007704206509515643 35 0.04884835 0.9868000000000003
19 0.011790457181632519 29 0.009325277991592884 35 0.08597652 0.9861000000000004
20 0.005372751038521528 35 0.005372751038521528 35 0.020070065 0.9854000000000005
21 0.01078733243048191 34 0.01047192607074976 35 0.057766736 0.9847000000000006
22 0.0015686696860939264 29 0.0006649316055700183 35 0.015613496 0.9840000000000007
23 0.055374905467033386 35 0.055374905467033386 35 415.33893 0.9833000000000007
24 0.0008065197034738958 32 0.0002850911405403167 35 0.0024582206 0.9826000000000008
25 0.006762662902474403 33 0.0052595678716897964 35 0.053594124 0.9819000000000009
26 0.003239287296310067 35 0.003239287296310067 35 0.0075852005 0.981200000000001
27 0.016567470505833626 35 0.016567470505833626 35 0.13947816 0.980500000000001
28 0.0013021075865253806 33 0.0008726330706849694 35 0.004454404 0.9798000000000011
29 0.009998753666877747 35 0.009998753666877747 35 0.02110415 0.9791000000000012
30 0.03271723911166191 35 0.03271723911166191 35 0.08036771 0.9784000000000013
31 0.0002535605162847787 30 4.976937361789169e-06 35 0.0008003156 0.9777000000000013
32 0.000948218978010118 32 0.0004219445982016623 35 0.006775974 0.9770000000000014
33 0.00019000773318111897 35 0.00019000773318111897 35 0.0009141194 0.9763000000000015
34 0.0025702831335365772 35 0.0025702831335365772 35 0.02013774 0.9756000000000016
35 0.003136822022497654 35 0.003136822022497654 35 0.01264794 0.9749000000000017
36 0.0005441672401502728 32 0.0003510685928631574 35 0.007914252 0.9742000000000017
37 0.018571291118860245 35 0.018571291118860245 35 0.065943256 0.9735000000000018
38 0.025186041370034218 35 0.025186041370034218 35 0.03279071 0.9728000000000019
39 0.03443477302789688 32 0.026589857414364815 35 0.35215956 0.972100000000002
40 0.0024959854781627655 33 0.0016493888106197119 35 0.025487753 0.971400000000002
41 0.0006480346200987697 30 0.00020197429694235325 35 0.0032382084 0.9707000000000021
42 0.0026032580062747 35 0.0026032580062747 35 0.007482501 0.9700000000000022
43 0.0031518395990133286 35 0.0031518395990133286 35 0.033491045 0.9693000000000023
44 0.005794537253677845 35 0.005794537253677845 35 0.029046912 0.9686000000000023
45 0.022753776982426643 29 0.008461188524961472 35 0.1791511 0.9679000000000024
46 0.001529373344965279 35 0.001529373344965279 35 0.014527782 0.9672000000000025
47 0.0010696039535105228 31 0.0007856053416617215 35 0.008883867 0.9665000000000026
48 0.08235140889883041 35 0.08235140889883041 35 0.2852103 0.9658000000000027
49 0.00016727918409742415 32 8.744849537833943e-07 35 0.001582687 0.9651000000000027
50 0.0046211108565330505 34 0.004592101089656353 35 0.025544573 0.9644000000000028
51 0.0012226009275764227 34 0.0011544778244569898 35 0.0057709133 0.9637000000000029
52 0.003134552389383316 35 0.003134552389383316 35 0.041992966 0.963000000000003
53 0.01570633053779602 33 0.012601631693542004 35 0.08744399 0.962300000000003
54 0.01316264271736145 33 0.0077965278178453445 35 0.08909266 0.9616000000000031
55 0.0025421716272830963 32 0.00035137406666763127 35 0.01790465 0.9609000000000032
56 0.0005725008086301386 28 0.0003224498068448156 35 0.0034221746 0.9602000000000033
57 0.009469923563301563 35 0.009469923563301563 35 0.021283668 0.9595000000000034
58 0.008556601591408253 34 0.0038570770993828773 35 0.039470807 0.9588000000000034
59 0.004174364730715752 35 0.004174364730715752 35 0.028721204 0.9581000000000035
60 0.0019438725430518389 33 0.0010283341398462653 35 0.04767361 0.9574000000000036
61 0.00489971786737442 35 0.00489971786737442 35 0.029931203 0.9567000000000037
62 0.04476543888449669 35 0.04476543888449669 35 0.17472896 0.9560000000000037
63 0.0012227324768900871 35 0.0012227324768900871 35 0.006757404 0.9553000000000038
64 0.0009060230804607272 19 0.0001957032218342647 35 0.0029799647 0.9546000000000039
65 0.0004996618372388184 20 0.0003147426759824157 35 0.0066733076 0.953900000000004
66 0.0027501967269927263 33 0.00223750714212656 35 0.035337485 0.953200000000004
67 0.0001618416717974469 29 4.93814040964935e-05 35 0.0018838599 0.9525000000000041
68 0.012761605903506279 35 0.012761605903506279 35 0.0025990536 0.9518000000000042
69 0.0003226636035833508 32 0.0001201767154270783 35 0.00505518 0.9511000000000043
70 0.0003449208161327988 24 0.00022678740788251162 35 0.0056158653 0.9504000000000044
71 0.009167755953967571 35 0.009167755953967571 35 0.018352866 0.9497000000000044
72 0.002572202356532216 30 0.0008036657818593085 35 0.016030211 0.9490000000000045
73 0.005467589478939772 29 0.0021679436322301626 35 0.060574748 0.9483000000000046
74 0.0030768669676035643 35 0.0030768669676035643 35 0.009002193 0.9476000000000047
75 0.0002740456548053771 35 0.0002740456548053771 35 0.0032279256 0.9469000000000047
76 0.0001965482661034912 35 0.0001965482661034912 35 0.003316558 0.9462000000000048
77 0.0026766969822347164 34 0.002585675800219178 35 0.029512469 0.9455000000000049
78 0.009872881695628166 25 0.0031370734795928 35 0.062012646 0.944800000000005
79 0.003475024364888668 34 0.0034028494264930487 35 0.030472789 0.944100000000005
80 0.00145434879232198 24 0.0004994951887056231 35 0.013149483 0.9434000000000051
81 0.0005205809138715267 35 0.0005205809138715267 35 0.0039156913 0.9427000000000052
82 0.0014008065918460488 35 0.0014008065918460488 35 0.004287937 0.9420000000000053
83 0.0018551914254203439 35 0.0018551914254203439 35 0.02558517 0.9413000000000054
84 0.010954048484563828 33 0.006158990785479546 35 0.06471871 0.9406000000000054
85 0.0064590610563755035 35 0.0064590610563755035 35 0.011418601 0.9399000000000055
86 0.006263667717576027 35 0.006263667717576027 35 0.02284347 0.9392000000000056
87 0.0014395948965102434 35 0.0014395948965102434 35 0.015859017 0.9385000000000057
88 0.006183520890772343 34 0.0060678948648273945 35 0.041670643 0.9378000000000057
89 0.000832956051453948 32 0.00042303086956962943 35 0.005808858 0.9371000000000058
90 0.0032925535924732685 34 0.0032530357129871845 35 0.010840371 0.9364000000000059
91 0.0014134281082078815 33 0.0011303335195407271 35 0.016986882 0.935700000000006
92 0.00024138943990692496 35 0.00024138943990692496 35 0.0005346737 0.935000000000006
93 0.005733682308346033 32 0.0047591025941073895 35 0.0622879 0.9343000000000061
94 0.003376626642420888 30 0.0010629466269165277 35 0.017548293 0.9336000000000062
95 0.0009811015333980322 29 0.00045584930921904743 35 0.009539777 0.9329000000000063
96 0.00037234267801977694 33 0.00016606546705588698 35 0.0019232344 0.9322000000000064
97 0.004055587574839592 31 0.00275417766533792 35 0.020330269 0.9315000000000064
98 0.0002600818406790495 25 6.25015381956473e-05 35 0.0029797473 0.9308000000000065
99 0.012618123553693295 35 0.012618123553693295 35 0.05632207 0.9301000000000066
100 0.009081576019525528 35 0.009081576019525528 35 0.059505496 0.9294000000000067
101 0.010429411195218563 35 0.010429411195218563 35 0.08074383 0.9287000000000067
102 0.006106743589043617 34 0.006075357086956501 35 0.05664991 0.9280000000000068
103 0.00016029227117542177 20 9.27810397115536e-05 35 0.0018659108 0.9273000000000069
104 0.004414745140820742 35 0.004414745140820742 35 0.050740898 0.926600000000007
105 0.010773466899991035 23 0.009107349440455437 35 0.24839918 0.925900000000007
106 0.029117953032255173 35 0.029117953032255173 35 0.1345874 0.9252000000000071
107 0.000736558111384511 35 0.000736558111384511 35 0.001948107 0.9245000000000072
108 0.0004893415607511997 28 0.00048589802463538945 35 0.002976352 0.9238000000000073
109 0.01727505773305893 35 0.01727505773305893 35 0.05878479 0.9231000000000074
110 0.0077139404602348804 32 0.007527310401201248 35 0.06418939 0.9224000000000074
111 0.004440714605152607 30 0.0034188430290669203 35 0.08028005 0.9217000000000075
112 0.0419013649225235 35 0.0419013649225235 35 0.3382207 0.9210000000000076
113 0.0006642609369009733 25 0.0005490272305905819 35 0.0127361445 0.9203000000000077
114 0.002813800470903516 35 0.002813800470903516 35 0.025782738 0.9196000000000077
115 0.0006031711236573756 30 0.00031964012305252254 35 0.0051664496 0.9189000000000078
116 0.0019742874428629875 35 0.0019742874428629875 35 0.0046770833 0.9182000000000079
117 0.006272680126130581 35 0.006272680126130581 35 0.007520331 0.917500000000008
118 0.007573992479592562 32 0.00570289371535182 35 0.08554462 0.916800000000008
119 0.017819741740822792 30 0.010313417762517929 35 0.30314606 0.9161000000000081
120 0.0011407834244892001 35 0.0011407834244892001 35 0.0082819555 0.9154000000000082
121 0.00043410633224993944 34 0.00031454151030629873 35 0.0018567643 0.9147000000000083
122 0.00013444313663057983 31 2.4513876269338652e-05 35 0.00040247155 0.9140000000000084
123 0.000780313101131469 35 0.000780313101131469 35 0.0007164718 0.9133000000000084
124 0.01112176664173603 32 0.004548873286694288 35 0.06630644 0.9126000000000085
125 0.010089137591421604 34 0.009972925297915936 35 0.03244299 0.9119000000000086
126 0.0017437224742025137 31 0.0011419455986469984 35 0.011820062 0.9112000000000087
127 0.00031421275343745947 35 0.00031421275343745947 35 0.0004236618 0.9105000000000087
128 0.0015145217766985297 35 0.0015145217766985297 35 0.002692248 0.9098000000000088
129 0.00446667755022645 32 0.0008596155676059425 35 0.042088 0.9091000000000089
130 0.00010847673547687009 29 2.1526255295611918e-05 35 0.001528179 0.908400000000009
131 0.018545374274253845 34 0.018076028674840927 35 0.14639257 0.907700000000009
132 0.0003513521223794669 31 0.0002999453863594681 35 0.004534686 0.9070000000000091
133 0.009400909766554832 35 0.009400909766554832 35 0.032507725 0.9063000000000092
134 0.005971663631498814 35 0.005971663631498814 35 0.011063854 0.9056000000000093
135 0.0005723812500946224 35 0.0005723812500946224 35 0.003457358 0.9049000000000094
136 0.0002982948499266058 32 0.00015598801837768406 35 0.0011502405 0.9042000000000094
137 0.00035141006810590625 34 0.0003290884487796575 35 0.0018179803 0.9035000000000095
138 0.01714511401951313 35 0.01714511401951313 35 0.09386265 0.9028000000000096
139 0.008131410926580429 35 0.008131410926580429 35 0.006380386 0.9021000000000097
140 0.003722607856616378 35 0.003722607856616378 35 0.011621063 0.9014000000000097
141 0.036838676780462265 27 0.03611735254526138 35 0.61085075 0.9007000000000098
142 0.003338042413815856 34 0.0031183185055851936 35 0.012640667 0.9000000000000099
143 0.001738511840812862 31 0.0012534933630377054 35 0.009214241 0.89930000000001
144 0.0003527363296598196 35 0.0003527363296598196 35 0.0014054996 0.8986000000000101
145 0.0002285495720570907 35 0.0002285495720570907 35 0.003940483 0.8979000000000101
146 0.017697973176836967 35 0.017697973176836967 35 0.08767306 0.8972000000000102
147 0.001439735060557723 29 0.00036041258135810494 35 0.008884155 0.8965000000000103
148 0.0004952771705575287 33 0.0004584916459862143 35 0.0043433537 0.8958000000000104
149 0.002677525859326124 33 0.0005784118548035622 35 0.01573222 0.8951000000000104
150 0.006003992632031441 32 0.0035378369502723217 35 0.052535683 0.8944000000000105
151 0.04985427111387253 35 0.04985427111387253 35 0.26936108 0.8937000000000106
152 0.0019468703540042043 30 0.001010704436339438 35 0.019876944 0.8930000000000107
153 0.0032442454248666763 35 0.0032442454248666763 35 0.020718027 0.8923000000000108
154 0.007093662861734629 35 0.007093662861734629 35 0.01116397 0.8916000000000108
155 0.0053977640345692635 35 0.0053977640345692635 35 0.019581683 0.8909000000000109
156 0.0010365776252001524 35 0.0010365776252001524 35 0.0046799546 0.890200000000011
157 5.9633664932334796e-05 27 3.021586235263385e-05 35 0.0008417976 0.8895000000000111
158 0.0284705962985754 35 0.0284705962985754 35 0.11381507 0.8888000000000111
159 0.008802749216556549 34 0.008775224909186363 35 0.057222374 0.8881000000000112
160 0.009885873645544052 26 0.005749636795371771 35 0.17907739 0.8874000000000113
161 0.006557707209140062 35 0.006557707209140062 35 0.019591793 0.8867000000000114
162 0.00017877592472359538 35 0.00017877592472359538 35 0.00076256733 0.8860000000000114
163 0.00397604051977396 34 0.0034223494585603476 35 0.0148040075 0.8853000000000115
164 0.004858260974287987 35 0.004858260974287987 35 0.041309312 0.8846000000000116
165 0.0008731316193006933 35 0.0008731316193006933 35 0.005768224 0.8839000000000117
166 0.001573852263391018 35 0.001573852263391018 35 0.0062967725 0.8832000000000118
167 0.0013445621589198709 27 0.0009239871869795024 35 0.010271708 0.8825000000000118
168 2.3353759388555773e-05 24 1.6826172213768587e-05 35 0.00031457035 0.8818000000000119
169 0.0011952273780480027 28 0.00011585206084419042 35 0.017477274 0.881100000000012
170 0.0009250217699445784 34 0.0009105123463086784 35 0.019913962 0.8804000000000121
171 0.0008413740433752537 33 0.0005495077930390835 35 0.010967154 0.8797000000000121
172 0.0015039570862427354 23 0.0002573103120084852 35 0.024820289 0.8790000000000122
173 0.0014364925445988774 29 0.0011384479003027081 35 0.014775827 0.8783000000000123
174 0.0042419456876814365 35 0.0042419456876814365 35 0.022397667 0.8776000000000124
175 0.014839996583759785 35 0.014839996583759785 35 0.005288328 0.8769000000000124
176 0.015635181218385696 35 0.015635181218385696 35 0.08751017 0.8762000000000125
177 0.0021289868745952845 25 0.0012406543828547 35 0.026672969 0.8755000000000126
178 0.004550980404019356 32 0.004261981695890427 35 0.056473628 0.8748000000000127
179 0.20226672291755676 35 0.20226672291755676 35 852.3878 0.8741000000000128
180 0.004874531179666519 26 0.0035532088950276375 35 0.036237314 0.8734000000000128
181 0.0011276156874373555 28 0.000786281656473875 35 0.02175468 0.8727000000000129
182 0.009224317967891693 28 0.006180572789162397 35 0.1938374 0.872000000000013
183 0.009732739999890327 31 0.0073398263193666935 35 0.1265 0.8713000000000131
184 0.0025156924966722727 32 0.00045413131010718644 35 0.009963048 0.8706000000000131
185 0.002062564715743065 30 0.0011329692788422108 35 0.025263393 0.8699000000000132
186 0.0004187797021586448 35 0.0004187797021586448 35 0.0003795115 0.8692000000000133
187 0.008645626716315746 33 0.006872513797134161 35 0.04961533 0.8685000000000134
188 6.499722076114267e-05 35 6.499722076114267e-05 35 0.0005012591 0.8678000000000134
189 0.008571824990212917 35 0.008571824990212917 35 0.022153312 0.8671000000000135
190 0.02540924772620201 29 0.012153951451182365 35 0.33088344 0.8664000000000136
191 0.003267600666731596 32 0.001079599722288549 35 0.015266047 0.8657000000000137
192 0.010144788771867752 35 0.010144788771867752 35 0.016518466 0.8650000000000138
193 0.023410342633724213 35 0.023410342633724213 35 0.11021323 0.8643000000000138
194 0.002439595526084304 23 0.0008081734413281083 35 0.025001394 0.8636000000000139
195 0.004957155790179968 35 0.004957155790179968 35 0.020949207 0.862900000000014
196 0.0011946982704102993 30 0.0008541911374777555 35 0.01902983 0.8622000000000141
197 0.004476891364902258 35 0.004476891364902258 35 0.012219379 0.8615000000000141
198 0.0007339933654293418 24 1.695215360086877e-05 35 0.006904394 0.8608000000000142
199 0.005646423902362585 33 0.005152238067239523 35 0.02538914 0.8601000000000143
200 0.000130922271637246 26 9.43506820476614e-05 35 0.0012991442 0.8594000000000144
201 0.0018276672344654799 32 0.001006357604637742 35 0.007700176 0.8587000000000145
202 0.0019425316713750362 35 0.0019425316713750362 35 0.005831414 0.8580000000000145
203 0.0016542437952011824 32 0.0004138680815231055 35 0.014637876 0.8573000000000146
204 0.008880674839019775 31 0.00880634505301714 35 0.055675484 0.8566000000000147
205 0.0012684755492955446 34 0.0011144009185954928 35 0.009019592 0.8559000000000148
206 0.00017198249406646937 30 5.505630178959109e-05 35 0.0013254156 0.8552000000000148
207 0.001207802095450461 31 0.0009568140958435833 35 0.005445342 0.8545000000000149
208 0.011865410953760147 33 0.010875745676457882 35 0.09391908 0.853800000000015
209 0.00838453322649002 35 0.00838453322649002 35 0.065958954 0.8531000000000151
210 0.01461161021143198 34 0.0125120272859931 35 0.056879062 0.8524000000000151
211 0.0011320026824250817 33 0.0006481244927272201 35 0.01172845 0.8517000000000152
212 0.0026830865535885096 35 0.0026830865535885096 35 0.022770653 0.8510000000000153
213 0.0004294484097044915 31 0.0001228528271894902 35 0.005597278 0.8503000000000154
214 0.0014052997576072812 35 0.0014052997576072812 35 0.0076733152 0.8496000000000155
215 0.01075492799282074 35 0.01075492799282074 35 0.032013126 0.8489000000000155
216 0.010028235614299774 28 0.007819120772182941 35 0.055640455 0.8482000000000156
217 0.002998692449182272 27 0.00016883954231161624 35 0.035766866 0.8475000000000157
218 0.0015388462925329804 27 0.0007525640539824963 35 0.013474586 0.8468000000000158
219 0.019944164901971817 35 0.019944164901971817 35 0.12532385 0.8461000000000158
220 0.0002685548970475793 31 4.161621109233238e-05 35 0.0011809345 0.8454000000000159
221 0.013103791512548923 31 0.003234386909753084 35 0.12960555 0.844700000000016
222 0.00043407079647295177 30 7.396963337669149e-05 35 0.002921229 0.8440000000000161
223 0.017199363559484482 35 0.017199363559484482 35 0.14731957 0.8433000000000161
224 0.007067758124321699 35 0.007067758124321699 35 0.017422406 0.8426000000000162
225 0.0032938995864242315 32 0.0018990285461768508 35 0.03918508 0.8419000000000163
226 0.06506872177124023 35 0.06506872177124023 35 852.35364 0.8412000000000164
227 0.0015196911990642548 35 0.0015196911990642548 35 0.010775799 0.8405000000000165
228 0.024553833529353142 35 0.024553833529353142 35 0.13572656 0.8398000000000165
229 0.0007188449380919337 35 0.0007188449380919337 35 0.0040646642 0.8391000000000166
230 0.003977958112955093 30 0.002746602753177285 35 0.046979092 0.8384000000000167
231 0.0005028430605307221 30 0.00036276024184189737 35 0.004908606 0.8377000000000168
232 0.0005055025103501976 27 4.075338438269682e-06 35 0.008535404 0.8370000000000168
233 0.0008959411061368883 35 0.0008959411061368883 35 0.001355741 0.8363000000000169
234 0.01617126725614071 35 0.01617126725614071 35 0.11692726 0.835600000000017
235 0.15705156326293945 32 0.15005555748939514 35 5287.51 0.8349000000000171
236 0.003250451758503914 35 0.003250451758503914 35 0.004090501 0.8342000000000172
237 0.024504274129867554 35 0.024504274129867554 35 0.15184149 0.8335000000000172
238 0.0024543816689401865 35 0.0024543816689401865 35 0.038889084 0.8328000000000173
239 0.0023799382615834475 35 0.0023799382615834475 35 0.01138968 0.8321000000000174
240 0.12698157131671906 35 0.12698157131671906 35 0.33550736 0.8314000000000175
241 5.252181290416047e-05 35 5.252181290416047e-05 35 0.000974664 0.8307000000000175
242 0.0019045453518629074 35 0.0019045453518629074 35 0.009496907 0.8300000000000176
243 0.00018719381478149444 29 7.522531814174727e-05 35 0.0015341362 0.8293000000000177
244 0.028416944667696953 31 0.027557482942938805 35 0.44115624 0.8286000000000178
245 0.001080924179404974 29 0.0004203488351777196 35 0.007586342 0.8279000000000178
246 0.007590518333017826 35 0.007590518333017826 35 0.041483287 0.8272000000000179
247 0.007383299991488457 26 0.0006594161386601627 35 0.09759338 0.826500000000018
248 0.001430545817129314 35 0.001430545817129314 35 0.0021703616 0.8258000000000181
249 0.00028250139439478517 35 0.00028250139439478517 35 0.0008988172 0.8251000000000182
250 0.000316140940412879 35 0.000316140940412879 35 0.0027415582 0.8244000000000182
251 0.0009993539424613118 35 0.0009993539424613118 35 0.0056127934 0.8237000000000183
252 0.00617389427497983 35 0.00617389427497983 35 0.03985683 0.8230000000000184
253 0.000423067482188344 31 0.000271847122348845 35 0.0034770549 0.8223000000000185
254 0.0036349634174257517 30 0.002495287684723735 35 0.032419 0.8216000000000185
255 0.00019689800683408976 29 0.0001575755450176075 35 0.0009853714 0.8209000000000186
256 3.5238484997535124e-05 35 3.5238484997535124e-05 35 0.00021654139 0.8202000000000187
257 0.0018962373724207282 35 0.0018962373724207282 35 0.006640659 0.8195000000000188
258 0.0037958561442792416 29 0.0019425635691732168 35 0.025505245 0.8188000000000188
259 0.0001346429344266653 35 0.0001346429344266653 35 0.0007137982 0.8181000000000189
260 0.007072116248309612 35 0.007072116248309612 35 0.04156742 0.817400000000019
261 0.0016998269129544497 35 0.0016998269129544497 35 0.017909102 0.8167000000000191
262 0.0023703002370893955 35 0.0023703002370893955 35 0.043099977 0.8160000000000192
263 3.678450593724847e-05 33 2.042078813246917e-05 35 0.000309433 0.8153000000000192
264 0.057913683354854584 35 0.057913683354854584 35 415.28577 0.8146000000000193
265 0.04113315790891647 34 0.04055808484554291 35 0.10058025 0.8139000000000194
266 0.01105111837387085 35 0.01105111837387085 35 0.047509093 0.8132000000000195
267 0.00024772825418040156 32 2.8165930416435003e-05 35 0.0009647181 0.8125000000000195
268 0.021281393244862556 30 0.019222432747483253 35 0.26210067 0.8118000000000196
269 0.0030660112388432026 35 0.0030660112388432026 35 0.0033113873 0.8111000000000197
270 0.006487763021141291 25 0.0023466828279197216 35 0.12149705 0.8104000000000198
271 0.0011447496945038438 35 0.0011447496945038438 35 0.0068330476 0.8097000000000198
272 0.012415723875164986 30 0.009266937151551247 35 0.13845824 0.8090000000000199
273 0.007023862563073635 35 0.007023862563073635 35 0.055249956 0.80830000000002
274 0.0041335891000926495 30 0.001494941534474492 35 0.01544182 0.8076000000000201
275 0.003123333677649498 35 0.003123333677649498 35 0.02272811 0.8069000000000202
276 0.002514135092496872 35 0.002514135092496872 35 0.011551862 0.8062000000000202
277 0.00018552356050349772 30 0.0001189831382362172 35 0.0013894225 0.8055000000000203
278 0.005194713827222586 27 0.0020173159427940845 35 0.030194376 0.8048000000000204
279 0.0036434479989111423 35 0.0036434479989111423 35 0.012626324 0.8041000000000205
280 0.024492066353559494 35 0.024492066353559494 35 0.098183244 0.8034000000000205
281 0.00161988683976233 35 0.00161988683976233 35 0.010660646 0.8027000000000206
282 5.646070349030197e-05 35 5.646070349030197e-05 35 0.00030944994 0.8020000000000207
283 0.07968973368406296 31 0.06255213916301727 35 1990.9318 0.8013000000000208
284 0.001762668020091951 35 0.001762668020091951 35 0.0065616136 0.8006000000000209
285 0.03445494920015335 24 0.0028074830770492554 35 0.5251107 0.7999000000000209
286 0.0025333380326628685 35 0.0025333380326628685 35 0.026992377 0.799200000000021
287 0.0019400514429435134 33 0.0017550088232383132 35 0.027079044 0.7985000000000211
288 0.0019911823328584433 35 0.0019911823328584433 35 0.012603003 0.7978000000000212
289 0.0020119284745305777 32 0.0006582021014764905 35 0.021574887 0.7971000000000212
290 0.004235550295561552 32 0.0018816269002854824 35 0.066305585 0.7964000000000213
291 0.0020236067939549685 28 0.0004045672540087253 35 0.021048985 0.7957000000000214
292 0.011758505366742611 32 0.004263911861926317 35 0.12928249 0.7950000000000215
293 0.009550977498292923 35 0.009550977498292923 35 0.063298345 0.7943000000000215
294 0.0033638181630522013 35 0.0033638181630522013 35 0.031504884 0.7936000000000216
295 0.00832618772983551 26 0.0043830652721226215 35 0.09219708 0.7929000000000217
296 0.0434233620762825 35 0.0434233620762825 35 0.10571022 0.7922000000000218
297 0.008374153636395931 35 0.008374153636395931 35 0.08157975 0.7915000000000219
298 0.0005701705231331289 28 4.680739948526025e-05 35 0.0030105156 0.7908000000000219
299 0.015123864635825157 35 0.015123864635825157 35 0.061904218 0.790100000000022
300 0.014897295273840427 35 0.014897295273840427 35 0.15700269 0.7894000000000221
301 0.06047862395644188 35 0.06047862395644188 35 437.30508 0.7887000000000222
302 0.0015181575436145067 35 0.0015181575436145067 35 0.022600047 0.7880000000000222
303 0.0002763904049061239 35 0.0002763904049061239 35 0.004702897 0.7873000000000223
304 0.06952548772096634 31 0.04035845398902893 35 484.68442 0.7866000000000224
305 0.024917157366871834 31 0.01649562641978264 35 0.1689806 0.7859000000000225
306 0.014289920218288898 35 0.014289920218288898 35 0.024085287 0.7852000000000225
307 0.012730607762932777 23 0.011036675423383713 35 0.3066741 0.7845000000000226
308 0.0010001391638070345 30 0.00013749430945608765 35 0.011894498 0.7838000000000227
309 0.0027257255278527737 25 0.0002173205284634605 35 0.040376876 0.7831000000000228
310 0.03086678497493267 32 0.013263841159641743 35 0.5590657 0.7824000000000229
311 0.012450621463358402 35 0.012450621463358402 35 0.06930717 0.7817000000000229
312 0.0022643045522272587 32 4.775345587404445e-05 35 0.01656135 0.781000000000023
313 0.006110567133873701 30 0.0028969275299459696 35 0.08082117 0.7803000000000231
314 0.01870599016547203 26 0.01742178574204445 35 0.25207204 0.7796000000000232
315 0.06891056895256042 34 0.06526827067136765 35 0.60136646 0.7789000000000232
316 0.005990509409457445 34 0.005430879537016153 35 0.057619933 0.7782000000000233
317 0.0024496112018823624 30 0.0023734502028673887 35 0.017611653 0.7775000000000234
318 0.0041975765489041805 35 0.0041975765489041805 35 0.007344354 0.7768000000000235
319 0.0009296478820033371 35 0.0009296478820033371 35 0.005623235 0.7761000000000235
320 0.00783418770879507 35 0.00783418770879507 35 0.018990504 0.7754000000000236
321 0.0287591852247715 28 0.025653989985585213 35 0.11639254 0.7747000000000237
322 0.0867307037115097 35 0.0867307037115097 35 0.39479023 0.7740000000000238
323 0.0010524672688916326 35 0.0010524672688916326 35 0.0066097756 0.7733000000000239
324 0.0011133785592392087 35 0.0011133785592392087 35 0.0021528187 0.7726000000000239
325 0.011091731488704681 35 0.011091731488704681 35 0.046932206 0.771900000000024
326 0.004114480689167976 35 0.004114480689167976 35 0.019936316 0.7712000000000241
327 0.004377422854304314 23 0.0017098464304581285 35 0.06662906 0.7705000000000242
328 0.0004844186478294432 35 0.0004844186478294432 35 0.0033303555 0.7698000000000242
329 0.001871443004347384 35 0.001871443004347384 35 0.010993374 0.7691000000000243
330 0.0014986987225711346 29 0.0011940591502934694 35 0.017464705 0.7684000000000244
331 0.007938599213957787 34 0.0066133178770542145 35 0.0690846 0.7677000000000245
332 0.01609647274017334 32 0.01593727245926857 35 0.15748814 0.7670000000000246
333 9.977266745408997e-05 31 2.9835313398507424e-05 35 0.00071054464 0.7663000000000246
334 0.0013792046811431646 31 0.0006659880746155977 35 0.014239062 0.7656000000000247
335 0.0027252528816461563 31 0.000132932371343486 35 0.022559043 0.7649000000000248
336 7.169427408371121e-05 19 5.5090131354518235e-05 35 0.0017428 0.7642000000000249
337 0.009935034438967705 35 0.009935034438967705 35 0.06731087 0.7635000000000249
338 0.008363477885723114 35 0.008363477885723114 35 0.094288416 0.762800000000025
339 0.00441020168364048 35 0.00441020168364048 35 0.020653939 0.7621000000000251
340 0.013943945989012718 35 0.013943945989012718 35 0.07004354 0.7614000000000252
341 0.0005346856196410954 35 0.0005346856196410954 35 0.0018682447 0.7607000000000252
342 0.001639749389141798 35 0.001639749389141798 35 0.002564644 0.7600000000000253
343 0.0002970487403217703 34 0.0002830904850270599 35 0.0035402193 0.7593000000000254
344 0.02351372316479683 35 0.02351372316479683 35 0.04134796 0.7586000000000255
345 0.00046261888928711414 31 0.0002843894180841744 35 0.0020103406 0.7579000000000256
346 0.004432560410350561 30 0.00415812898427248 35 0.028939033 0.7572000000000256
347 0.00759387481957674 35 0.00759387481957674 35 0.030903716 0.7565000000000257
348 0.00019976627663709223 33 4.2686548113124445e-05 35 0.00078441267 0.7558000000000258
349 0.001081374823115766 29 0.00010606000432744622 35 0.015338814 0.7551000000000259
350 0.04595445841550827 31 0.037994496524333954 35 0.24912608 0.7544000000000259
351 0.0009207363473251462 26 0.0007651441846974194 35 0.013510904 0.753700000000026
352 0.002035960089415312 35 0.002035960089415312 35 0.008451578 0.7530000000000261
353 0.0020483345724642277 35 0.0020483345724642277 35 0.018938908 0.7523000000000262
354 0.0019617006182670593 27 0.00032324789208360016 35 0.043270998 0.7516000000000262
355 0.0014742318307980895 30 0.00011601314326981083 35 0.009570978 0.7509000000000263
356 0.019989870488643646 35 0.019989870488643646 35 0.0219122 0.7502000000000264
357 0.00043250329326838255 35 0.00043250329326838255 35 0.005917513 0.7495000000000265
358 0.0004997252253815532 35 0.0004997252253815532 35 0.0023832868 0.7488000000000266
359 0.008417325094342232 34 0.007716667838394642 35 0.01584591 0.7481000000000266
360 0.010781466960906982 35 0.010781466960906982 35 0.01274299 0.7474000000000267
361 0.028559669852256775 35 0.028559669852256775 35 0.12299155 0.7467000000000268
362 0.0004702220030594617 35 0.0004702220030594617 35 0.0006490909 0.7460000000000269
363 0.029099438339471817 35 0.029099438339471817 35 0.13550869 0.7453000000000269
364 0.003771885996684432 32 0.00141055672429502 35 0.025251726 0.744600000000027
365 0.004614747129380703 34 0.0017578324768692255 35 0.025145037 0.7439000000000271
366 0.0010470874840393662 35 0.0010470874840393662 35 0.007770714 0.7432000000000272
367 0.0041581145487725735 33 0.0036662318743765354 35 0.036903083 0.7425000000000272
368 0.0022855077404528856 29 0.0016977374907582998 35 0.018123858 0.7418000000000273
369 0.008083741180598736 35 0.008083741180598736 35 0.015231388 0.7411000000000274
370 0.009228838607668877 34 0.009220274165272713 35 0.06277251 0.7404000000000275
371 0.0038711626548320055 32 0.00269591948017478 35 0.023741445 0.7397000000000276
372 0.0029349112883210182 28 0.0015354810748249292 35 0.046535052 0.7390000000000276
373 0.000744242686778307 35 0.000744242686778307 35 0.0019329869 0.7383000000000277
374 0.0031564652454108 35 0.0031564652454108 35 0.0052012526 0.7376000000000278
375 0.007064888719469309 35 0.007064888719469309 35 0.015214653 0.7369000000000279
376 0.007086905650794506 31 0.0005048014572821558 35 0.042593464 0.7362000000000279
377 0.0036274739541113377 35 0.0036274739541113377 35 0.013153149 0.735500000000028
378 0.0027413908392190933 31 0.00034778733970597386 35 0.045374643 0.7348000000000281
379 0.0008469714084640145 31 0.0007304472383111715 35 0.0059356894 0.7341000000000282
380 0.005032985471189022 35 0.005032985471189022 35 0.01559856 0.7334000000000283
381 0.0011518348474055529 34 0.0011216638376936316 35 0.013878603 0.7327000000000283
382 0.0014697153819724917 35 0.0014697153819724917 35 0.030321145 0.7320000000000284
383 0.010919428430497646 32 0.004110204055905342 35 0.091728896 0.7313000000000285
384 0.008659168146550655 35 0.008659168146550655 35 0.028056301 0.7306000000000286
385 0.0009020172292366624 35 0.0009020172292366624 35 0.0065812655 0.7299000000000286
386 0.06373981386423111 35 0.06373981386423111 35 0.66874206 0.7292000000000287
387 0.003260041819885373 33 0.0005159018328413367 35 0.01352177 0.7285000000000288
388 0.015639502555131912 35 0.015639502555131912 35 0.0516602 0.7278000000000289
389 0.00010581233800621703 22 0.000101844547316432 35 0.0012133035 0.727100000000029
390 0.0005665787030011415 26 0.0001705303875496611 35 0.007221496 0.726400000000029
391 0.0016939660999923944 28 0.001476484234444797 35 0.013960937 0.7257000000000291
392 0.01026881579309702 31 0.008322338573634624 35 0.034772087 0.7250000000000292
393 0.00011819711653515697 35 0.00011819711653515697 35 0.0017335108 0.7243000000000293
394 0.0035078024957329035 25 0.0021881640423089266 35 0.039065126 0.7236000000000293
395 0.0010790075175464153 31 0.0005443783011287451 35 0.010452398 0.7229000000000294
396 0.00042263296199962497 34 0.0002853791229426861 35 0.00072269375 0.7222000000000295
397 0.0005056116497144103 31 0.0001117508509196341 35 0.00134286 0.7215000000000296
398 0.0014504037098959088 30 0.0006257143686525524 35 0.009670459 0.7208000000000296
399 0.007082356605678797 28 0.0037839007563889027 35 0.06070268 0.7201000000000297
400 0.005065763369202614 35 0.005065763369202614 35 0.006524208 0.7194000000000298
401 0.00033213445567525923 35 0.00033213445567525923 35 0.0039866334 0.7187000000000299
402 0.00048725472879596055 23 0.0002748274418991059 35 0.0036968272 0.71800000000003
403 6.741888500982895e-05 31 5.693082130164839e-05 35 0.0004839819 0.71730000000003
404 0.0003166347451042384 31 0.0001995134080061689 35 0.0039570867 0.7166000000000301
405 0.01141056977212429 35 0.01141056977212429 35 0.01789407 0.7159000000000302
406 0.010179025121033192 35 0.010179025121033192 35 0.09005879 0.7152000000000303
407 0.0057683419436216354 35 0.0057683419436216354 35 0.030468836 0.7145000000000303
408 0.003016094444319606 35 0.003016094444319606 35 0.01216671 0.7138000000000304
409 0.002297478960826993 31 0.0011568195186555386 35 0.016330132 0.7131000000000305
410 0.0004563981492538005 34 0.00038706217310391366 35 0.001756169 0.7124000000000306
411 0.0017049666494131088 26 0.00046781974378973246 35 0.02112303 0.7117000000000306
412 0.02672027237713337 35 0.02672027237713337 35 0.074150056 0.7110000000000307
413 0.028835266828536987 35 0.028835266828536987 35 0.020617519 0.7103000000000308
414 6.272562313824892e-05 35 6.272562313824892e-05 35 0.00051018747 0.7096000000000309
415 0.020515548065304756 35 0.020515548065304756 35 0.11888131 0.708900000000031
416 0.00010017689055530354 24 6.879286956973374e-05 35 0.00074264605 0.708200000000031
417 0.001848797663114965 35 0.001848797663114965 35 0.0012931556 0.7075000000000311
418 0.0021007140167057514 35 0.0021007140167057514 35 0.0066902367 0.7068000000000312
419 0.0014731837436556816 33 0.0004483004449866712 35 0.009178289 0.7061000000000313
420 0.004772380460053682 30 0.00016511011926922947 35 0.021260947 0.7054000000000313
421 0.0027338711079210043 31 0.001380537054501474 35 0.02534866 0.7047000000000314
422 0.0003762348787859082 30 0.00032149863545782864 35 0.0021294756 0.7040000000000315
423 0.0031654739286750555 34 0.003151774173602462 35 0.03779827 0.7033000000000316
424 0.004517822060734034 33 0.002625119872391224 35 0.03169145 0.7026000000000316
425 0.0077022286131978035 35 0.0077022286131978035 35 0.042454593 0.7019000000000317
426 0.017499592155218124 34 0.01613594964146614 35 0.071796365 0.7012000000000318
427 0.00011296523007331416 33 0.00010820827446877956 35 0.000988785 0.7005000000000319
428 0.021925995126366615 34 0.008913908153772354 35 0.11501428 0.699800000000032
429 0.00019051722483709455 35 0.00019051722483709455 35 0.001626374 0.699100000000032
430 0.00197438127361238 33 0.0007132410537451506 35 0.012924003 0.6984000000000321
431 0.00016466618399135768 28 0.00010005923104472458 35 0.004172976 0.6977000000000322
432 0.00034964727819897234 32 0.00028739639674313366 35 0.0030406388 0.6970000000000323
433 0.00849231705069542 35 0.00849231705069542 35 0.015796572 0.6963000000000323
434 0.002001349115744233 32 0.001450145267881453 35 0.01171377 0.6956000000000324
435 0.0004543658869806677 35 0.0004543658869806677 35 0.0034051645 0.6949000000000325
436 2.234756902907975e-05 28 2.1466299585881643e-05 35 0.00020180835 0.6942000000000326
437 0.0001638800313230604 28 2.6475163394934498e-05 35 0.0010812696 0.6935000000000326
438 0.015477397479116917 30 0.011909875087440014 35 0.10597949 0.6928000000000327
439 0.019503334537148476 35 0.019503334537148476 35 0.11707097 0.6921000000000328
440 0.0025880541652441025 35 0.0025880541652441025 35 0.011064898 0.6914000000000329
441 0.0018290310399606824 24 0.00011391137377358973 35 0.015063752 0.690700000000033
442 0.0032256823033094406 35 0.0032256823033094406 35 0.012786302 0.690000000000033
443 0.0003859218559227884 30 0.00011061615805374458 35 0.004920838 0.6893000000000331
444 0.005308691877871752 34 0.004811168182641268 35 0.014692081 0.6886000000000332
445 0.025115590542554855 33 0.015365843661129475 35 0.18540332 0.6879000000000333
446 0.005225950386375189 35 0.005225950386375189 35 0.026977044 0.6872000000000333
447 0.0018320779781788588 27 4.554460247163661e-05 35 0.02501928 0.6865000000000334
448 0.003831087611615658 33 0.002347117057070136 35 0.030591188 0.6858000000000335
449 0.006059733219444752 34 0.005940415430814028 35 0.012188995 0.6851000000000336
450 0.006787892896682024 35 0.006787892896682024 35 0.016392889 0.6844000000000336
451 0.00318910856731236 24 0.0002305147354491055 35 0.02351475 0.6837000000000337
452 0.027814803645014763 35 0.027814803645014763 35 0.0454328 0.6830000000000338
453 0.028450652956962585 35 0.028450652956962585 35 0.20251009 0.6823000000000339
454 0.002787971403449774 29 0.00032852854928933084 35 0.041435577 0.681600000000034
455 0.01057535968720913 35 0.01057535968720913 35 0.06025837 0.680900000000034
456 0.0005943046999163926 35 0.0005943046999163926 35 0.0041705742 0.6802000000000341
457 0.011807944625616074 35 0.011807944625616074 35 0.12201157 0.6795000000000342
458 0.01307164877653122 33 0.008683180436491966 35 0.099925496 0.6788000000000343
459 0.003028817242011428 35 0.003028817242011428 35 0.011651211 0.6781000000000343
460 0.0005139786517247558 35 0.0005139786517247558 35 0.0033402066 0.6774000000000344
461 0.13788865506649017 35 0.13788865506649017 35 0.28939506 0.6767000000000345
462 0.0017510156612843275 35 0.0017510156612843275 35 0.005889656 0.6760000000000346
463 0.0205239225178957 31 0.01209599245339632 35 0.22236155 0.6753000000000347
464 0.0010436271550133824 35 0.0010436271550133824 35 0.014105759 0.6746000000000347
465 0.02010592818260193 34 0.01594497822225094 35 0.06387289 0.6739000000000348
466 0.003662877483293414 35 0.003662877483293414 35 0.020342443 0.6732000000000349
467 0.0011136389803141356 35 0.0011136389803141356 35 0.0032474846 0.672500000000035
468 0.01719670183956623 33 0.010161452926695347 35 0.14945723 0.671800000000035
469 0.0028838987927883863 35 0.0028838987927883863 35 0.0229886 0.6711000000000351
470 0.014830979518592358 35 0.014830979518592358 35 0.061219685 0.6704000000000352
471 0.014701788313686848 35 0.014701788313686848 35 0.1139984 0.6697000000000353
472 0.00018822417769115418 35 0.00018822417769115418 35 0.00084157975 0.6690000000000353
473 0.005176105070859194 35 0.005176105070859194 35 0.05848489 0.6683000000000354
474 0.0017815413884818554 35 0.0017815413884818554 35 0.009504519 0.6676000000000355
475 0.02531784400343895 31 0.01155148260295391 35 0.17565727 0.6669000000000356
476 0.0011645728955045342 33 0.0006142500787973404 35 0.013833545 0.6662000000000357
477 0.013634377159178257 33 0.012029938399791718 35 0.38313347 0.6655000000000357
478 0.0020467150025069714 30 0.0015151133993640542 35 0.016743684 0.6648000000000358
479 0.0005731959245167673 30 0.00020412736921571195 35 0.0065621543 0.6641000000000359
480 0.0032366057857871056 35 0.0032366057857871056 35 0.009604467 0.663400000000036
481 0.0049782064743340015 32 0.003151576966047287 35 0.08308134 0.662700000000036
482 0.01531251985579729 33 0.015021930448710918 35 0.070672825 0.6620000000000361
483 0.0003033932880498469 35 0.0003033932880498469 35 0.0021839964 0.6613000000000362
484 0.02719111554324627 35 0.02719111554324627 35 0.061454974 0.6606000000000363
485 7.554983312729746e-05 29 2.535400381020736e-05 35 0.0002608795 0.6599000000000363
486 0.000226426767767407 22 0.00015328731387853622 35 0.0027539297 0.6592000000000364
487 0.0015699539799243212 35 0.0015699539799243212 35 0.0048682136 0.6585000000000365
488 0.0011404374381527305 32 0.0003644051030278206 35 0.0060516624 0.6578000000000366
489 0.005931653082370758 23 0.0004689660563599318 35 0.007112361 0.6571000000000367
490 0.01512512844055891 35 0.01512512844055891 35 0.054673634 0.6564000000000367
491 0.0022770226933062077 33 0.0010873926803469658 35 0.0177749 0.6557000000000368
492 0.005900003481656313 30 0.0021934446413069963 35 0.04623945 0.6550000000000369
493 0.025013266131281853 32 0.0249527208507061 35 0.4856348 0.654300000000037
494 0.057278700172901154 35 0.057278700172901154 35 0.16479798 0.653600000000037
495 0.0029241940937936306 28 0.0002899564278777689 35 0.06308388 0.6529000000000371
496 0.0018201397033408284 35 0.0018201397033408284 35 0.01032111 0.6522000000000372
497 0.006985673680901527 33 0.0048248725943267345 35 0.09502639 0.6515000000000373
498 0.014093922451138496 32 0.007139347959309816 35 0.12743181 0.6508000000000373
499 0.001760774408467114 35 0.001760774408467114 35 0.018099649 0.6501000000000374
500 0.0028362772427499294 35 0.0028362772427499294 35 0.021358758 0.6494000000000375
501 0.002907317830249667 35 0.002907317830249667 35 0.020954996 0.6487000000000376
502 0.011461224406957626 24 0.011171918362379074 35 0.1711235 0.6480000000000377
503 0.00012020423309877515 26 2.4606486476841383e-05 35 0.002120338 0.6473000000000377
504 0.04627717658877373 35 0.04627717658877373 35 0.14001867 0.6466000000000378
505 0.001930109690874815 28 0.0014370335265994072 35 0.026781222 0.6459000000000379
506 0.0003530767862685025 35 0.0003530767862685025 35 0.0017694433 0.645200000000038
507 0.04447311535477638 35 0.04447311535477638 35 0.20964566 0.644500000000038
508 0.00011279670434305444 32 4.005635128123686e-05 35 0.0006503293 0.6438000000000381
509 0.0009146391530521214 35 0.0009146391530521214 35 0.0035083152 0.6431000000000382
510 0.05148126184940338 32 0.05081295594573021 35 0.45074022 0.6424000000000383
511 0.021077556535601616 35 0.021077556535601616 35 0.05592825 0.6417000000000384
512 0.04433976486325264 35 0.04433976486325264 35 0.104152374 0.6410000000000384
513 0.0005885076243430376 29 0.00015158891619648784 35 0.01308158 0.6403000000000385
514 0.0035652825608849525 35 0.0035652825608849525 35 0.0036652768 0.6396000000000386
515 0.05394363030791283 35 0.05394363030791283 35 0.047456015 0.6389000000000387
516 0.027708763256669044 34 0.024411030113697052 35 0.20230713 0.6382000000000387
517 0.019343551248311996 33 0.017861807718873024 35 0.16836241 0.6375000000000388
518 0.002912223804742098 28 0.000909163907635957 35 0.055957906 0.6368000000000389
519 0.018053539097309113 24 0.013119952753186226 35 0.26784375 0.636100000000039
520 0.015478176064789295 35 0.015478176064789295 35 0.03625595 0.635400000000039
521 0.05597812309861183 35 0.05597812309861183 35 852.38995 0.6347000000000391
522 0.0035038944333791733 34 0.0033538085408508778 35 0.020482086 0.6340000000000392
523 0.014077513478696346 35 0.014077513478696346 35 0.14960419 0.6333000000000393
524 0.06054830551147461 29 0.03477449715137482 35 1159.809 0.6326000000000394
525 0.11476258933544159 31 0.0015989553648978472 35 1046.7081 0.6319000000000394
526 0.003513973206281662 32 0.002902741078287363 35 0.042244162 0.6312000000000395
527 0.1522158980369568 32 0.12660589814186096 35 8288.109 0.6305000000000396
528 0.04967532679438591 35 0.04967532679438591 35 0.20449679 0.6298000000000397
529 0.004003644920885563 23 0.003617465030401945 35 0.043739058 0.6291000000000397
530 0.0518590472638607 29 0.03956123813986778 35 0.75430024 0.6284000000000398
531 0.0021296164486557245 35 0.0021296164486557245 35 0.0128307585 0.6277000000000399
532 0.0013903803192079067 32 0.0006453752284869552 35 0.014060137 0.62700000000004
533 0.007464991416782141 33 0.0038771657273173332 35 0.04142507 0.62630000000004
534 0.13497740030288696 35 0.13497740030288696 35 1891.6748 0.6256000000000401
535 0.0315077118575573 27 0.012828771956264973 35 0.5701048 0.6249000000000402
536 0.005749573465436697 35 0.005749573465436697 35 0.022001687 0.6242000000000403
537 0.0008329300326295197 35 0.0008329300326295197 35 0.002478965 0.6235000000000404
538 0.061269402503967285 31 0.022023728117346764 35 0.25786775 0.6228000000000404
539 0.019323717802762985 34 0.011099678464233875 35 0.07926823 0.6221000000000405
540 0.015662604942917824 35 0.015662604942917824 35 0.056781698 0.6214000000000406
541 0.0015611257404088974 35 0.0015611257404088974 35 0.019126728 0.6207000000000407
542 0.007724308874458075 34 0.005223447922617197 35 0.009506008 0.6200000000000407
543 0.0016120823565870523 35 0.0016120823565870523 35 0.007895592 0.6193000000000408
544 0.0019935090094804764 30 0.0015776909422129393 35 0.036954507 0.6186000000000409
545 0.000219970170292072 31 1.7701564502203837e-05 35 0.0024197213 0.617900000000041
546 0.03007379174232483 35 0.03007379174232483 35 0.15073565 0.617200000000041
547 0.00979225430637598 35 0.00979225430637598 35 0.041594885 0.6165000000000411
548 0.021414993330836296 35 0.021414993330836296 35 0.065933146 0.6158000000000412
549 0.0036597244907170534 35 0.0036597244907170534 35 0.02608731 0.6151000000000413
550 0.04407098889350891 32 0.024982716888189316 35 0.24345706 0.6144000000000414
551 0.0011064872378483415 35 0.0011064872378483415 35 0.006664347 0.6137000000000414
552 0.0003837920376099646 34 0.00029539107345044613 35 0.001621628 0.6130000000000415
553 0.025129906833171844 33 0.015829088166356087 35 0.16213506 0.6123000000000416
554 0.003591100452467799 35 0.003591100452467799 35 0.024676198 0.6116000000000417
555 0.0013992113526910543 22 0.000568073068279773 35 0.010246288 0.6109000000000417
556 0.012266108766198158 35 0.012266108766198158 35 0.048261106 0.6102000000000418
557 0.010596469044685364 34 0.010501764714717865 35 0.06065698 0.6095000000000419
558 0.00023129650799091905 34 0.00022402656031772494 35 0.0017534588 0.608800000000042
559 0.002111801877617836 34 0.00196805689483881 35 0.013845686 0.608100000000042
560 0.0015316717326641083 35 0.0015316717326641083 35 0.006028291 0.6074000000000421
561 0.033570174127817154 35 0.033570174127817154 35 0.17779869 0.6067000000000422
562 0.0013376956339925528 35 0.0013376956339925528 35 0.0037309164 0.6060000000000423
563 0.0015079510631039739 27 3.7081274058436975e-05 35 0.018957382 0.6053000000000424
564 0.0019277463434264064 35 0.0019277463434264064 35 0.018564207 0.6046000000000424
565 0.15048107504844666 35 0.15048107504844666 35 1312.5282 0.6039000000000425
566 0.004917492158710957 35 0.004917492158710957 35 0.012561292 0.6032000000000426
567 0.00596195925027132 31 0.005951269995421171 35 0.012959129 0.6025000000000427
568 0.10221467167139053 30 0.07769592851400375 35 565.4645 0.6018000000000427
569 0.00039850856410339475 35 0.00039850856410339475 35 0.0018161675 0.6011000000000428
570 0.0016809453954920173 35 0.0016809453954920173 35 0.005388361 0.6004000000000429
571 0.013061380945146084 35 0.013061380945146084 35 0.0931618 0.599700000000043
572 0.006514052394777536 30 0.003846894484013319 35 0.056389645 0.599000000000043
573 0.4472237825393677 28 0.23172496259212494 35 6669.884 0.5983000000000431
574 0.0015133570414036512 35 0.0015133570414036512 35 0.019051263 0.5976000000000432
575 0.06206638738512993 32 0.05710875988006592 35 0.39682695 0.5969000000000433
576 0.01783626712858677 35 0.01783626712858677 35 0.023746502 0.5962000000000434
577 0.0828569158911705 35 0.0828569158911705 35 1220.7416 0.5955000000000434
578 0.09980442374944687 32 0.03699081391096115 35 510.12442 0.5948000000000435
579 0.007628253195434809 23 0.0017662488389760256 35 0.120334424 0.5941000000000436
580 0.02049429714679718 32 0.0005995369865559042 35 0.067734174 0.5934000000000437
581 0.01807015761733055 24 0.008913793601095676 35 0.14025337 0.5927000000000437
582 0.001339433598332107 33 0.0010999205987900496 35 0.00828394 0.5920000000000438
583 0.054302554577589035 35 0.054302554577589035 35 0.16313645 0.5913000000000439
584 0.551654040813446 33 0.5251783132553101 35 6295.611 0.590600000000044
585 0.08489865809679031 30 0.051408179104328156 35 2831.967 0.5899000000000441
586 0.005975977052003145 35 0.005975977052003145 35 0.034601066 0.5892000000000441
587 0.10051126033067703 35 0.10051126033067703 35 6192.992 0.5885000000000442
588 0.0013885394437238574 30 0.0007282209116965532 35 0.022630284 0.5878000000000443
589 0.22026628255844116 33 0.2091948390007019 35 6693.911 0.5871000000000444
590 0.03537774458527565 33 0.032416291534900665 35 0.3376197 0.5864000000000444
591 0.016549725085496902 34 0.01650206930935383 35 0.092182726 0.5857000000000445
592 0.009599930606782436 35 0.009599930606782436 35 0.03529626 0.5850000000000446
593 0.049603480845689774 35 0.049603480845689774 35 0.55641204 0.5843000000000447
594 0.024721462279558182 35 0.024721462279558182 35 0.21647316 0.5836000000000447
595 0.030382370576262474 32 0.008431551046669483 35 0.3143829 0.5829000000000448
596 0.008042068220674992 35 0.008042068220674992 35 0.15887447 0.5822000000000449
597 0.017078325152397156 28 0.01388284470885992 35 0.18296793 0.581500000000045
598 0.0022657490335404873 35 0.0022657490335404873 35 0.014233909 0.5808000000000451
599 0.056509315967559814 31 0.02532206103205681 35 1046.7748 0.5801000000000451
600 0.29942774772644043 35 0.29942774772644043 35 3408.0874 0.5794000000000452
601 0.21298818290233612 35 0.21298818290233612 35 1796.7954 0.5787000000000453
602 0.011147825978696346 26 0.005134160630404949 35 0.18008554 0.5780000000000454
603 0.02751278318464756 35 0.02751278318464756 35 0.13935837 0.5773000000000454
604 0.06961892545223236 27 0.05429406836628914 35 1285.1683 0.5766000000000455
605 0.00514579564332962 34 0.005130970850586891 35 0.047342714 0.5759000000000456
606 0.003306812606751919 32 0.0008866002317517996 35 0.03190671 0.5752000000000457
607 0.09678594768047333 23 0.04500630870461464 35 1160.431 0.5745000000000458
608 0.0185177531093359 35 0.0185177531093359 35 0.15420355 0.5738000000000458
609 0.02661627158522606 33 0.023573538288474083 35 0.406713 0.5731000000000459
610 0.24284859001636505 33 0.16507676243782043 35 2306.388 0.572400000000046
611 0.026644205674529076 35 0.026644205674529076 35 0.14513002 0.5717000000000461
612 0.002077267272397876 31 0.0009562724735587835 35 0.017883476 0.5710000000000461
613 0.009156063199043274 35 0.009156063199043274 35 0.054986436 0.5703000000000462
614 0.016410542652010918 29 0.002687193686142564 35 0.14211166 0.5696000000000463
615 0.0029993264470249414 35 0.0029993264470249414 35 0.021984177 0.5689000000000464
616 0.1468631625175476 35 0.1468631625175476 35 0.2469982 0.5682000000000464
617 0.05590211972594261 35 0.05590211972594261 35 0.093149625 0.5675000000000465
618 0.09748586267232895 27 0.08027654141187668 35 1785.8215 0.5668000000000466
619 0.16697260737419128 34 0.14948099851608276 35 1381.6036 0.5661000000000467
620 0.0024745408445596695 35 0.0024745408445596695 35 0.035845347 0.5654000000000468
621 0.015071381814777851 35 0.015071381814777851 35 0.09675676 0.5647000000000468
622 0.026496604084968567 35 0.026496604084968567 35 0.23892076 0.5640000000000469
623 0.1613444983959198 35 0.1613444983959198 35 1796.7378 0.563300000000047
624 0.01552302110940218 34 0.01503401156514883 35 0.16973263 0.5626000000000471
625 0.2526191473007202 35 0.2526191473007202 35 1312.5144 0.5619000000000471
626 0.15034519135951996 35 0.15034519135951996 35 0.30810127 0.5612000000000472
627 0.0467153824865818 32 0.020941756665706635 35 0.74188346 0.5605000000000473
628 0.005507417488843203 35 0.005507417488843203 35 0.034798265 0.5598000000000474
629 0.02622077614068985 35 0.02622077614068985 35 0.13788536 0.5591000000000474
630 0.07478678971529007 35 0.07478678971529007 35 415.45703 0.5584000000000475
631 0.0036947429180145264 32 0.002228144556283951 35 0.043228988 0.5577000000000476
632 0.01370787899941206 33 0.011476761661469936 35 0.10121618 0.5570000000000477
633 0.0351996086537838 29 0.019822102040052414 35 0.5800449 0.5563000000000478
634 0.008122068829834461 35 0.008122068829834461 35 0.026268605 0.5556000000000478
635 0.004583149217069149 35 0.004583149217069149 35 0.08913218 0.5549000000000479
636 0.05959952995181084 23 0.010757028125226498 35 0.20080422 0.554200000000048
637 0.23816703259944916 35 0.23816703259944916 35 0.34767464 0.5535000000000481
638 0.01682237908244133 30 0.012476042844355106 35 0.1386261 0.5528000000000481
639 0.022748354822397232 32 0.0040733832865953445 35 0.13617785 0.5521000000000482
640 0.005085875745862722 31 0.0017489403253421187 35 0.058357492 0.5514000000000483
641 0.0024112809915095568 29 0.0020247658248990774 35 0.020485206 0.5507000000000484
642 0.05733230710029602 35 0.05733230710029602 35 0.12025716 0.5500000000000485
643 0.0014699226012453437 27 0.00024237105390056968 35 0.026048582 0.5493000000000485
644 0.0018555818824097514 23 0.00036432716296985745 35 0.011102387 0.5486000000000486
645 0.027844661846756935 35 0.027844661846756935 35 0.016454618 0.5479000000000487
646 0.2834910750389099 33 0.24333913624286652 35 5287.176 0.5472000000000488
647 0.07822322100400925 32 0.056562162935733795 35 0.4177839 0.5465000000000488
648 0.015443817712366581 26 0.006303644739091396 35 0.06706831 0.5458000000000489
649 0.05889768898487091 35 0.05889768898487091 35 852.4132 0.545100000000049
650 0.0690649151802063 35 0.0690649151802063 35 0.10224451 0.5444000000000491
651 0.05041154474020004 33 0.034187737852334976 35 0.2392482 0.5437000000000491
652 0.23608428239822388 29 0.20794551074504852 35 8723.4795 0.5430000000000492
653 0.007977967150509357 35 0.007977967150509357 35 0.014293312 0.5423000000000493
654 0.07523699849843979 31 0.047650668770074844 35 944.5995 0.5416000000000494
655 0.27631571888923645 35 0.27631571888923645 35 484.88956 0.5409000000000495
656 0.03710806742310524 35 0.03710806742310524 35 0.06615278 0.5402000000000495
657 0.29878464341163635 34 0.2446696013212204 35 2428.1992 0.5395000000000496
658 0.09700993448495865 33 0.06771999597549438 35 2776.8071 0.5388000000000497
659 0.185481995344162 35 0.185481995344162 35 1531.0251 0.5381000000000498
660 0.08197145164012909 35 0.08197145164012909 35 1611.6836 0.5374000000000498
661 0.0171135812997818 35 0.0171135812997818 35 0.07053452 0.5367000000000499
662 0.19015000760555267 35 0.19015000760555267 35 852.46826 0.53600000000005
663 0.024852503091096878 27 0.0029076808132231236 35 0.41787645 0.5353000000000501
664 0.07430918514728546 31 0.050564467906951904 35 0.38739383 0.5346000000000501
665 0.04031513258814812 26 0.0037825899198651314 35 0.42865017 0.5339000000000502
666 0.1437254250049591 35 0.1437254250049591 35 1953.8827 0.5332000000000503
667 0.032423097640275955 28 0.006347775459289551 35 0.40925562 0.5325000000000504
668 0.07284028828144073 35 0.07284028828144073 35 415.71072 0.5318000000000505
669 0.02416406199336052 31 0.016746314242482185 35 0.12157833 0.5311000000000505
670 0.01386844739317894 35 0.01386844739317894 35 0.015914267 0.5304000000000506
671 0.008268379606306553 35 0.008268379606306553 35 0.08899123 0.5297000000000507
672 0.04385634884238243 35 0.04385634884238243 35 0.31171 0.5290000000000508
673 0.0034078299067914486 32 0.0013028379762545228 35 0.07120503 0.5283000000000508
674 0.0054024504497647285 31 0.0025571214500814676 35 0.023971533 0.5276000000000509
675 0.03281627595424652 28 0.029596278443932533 35 0.358903 0.526900000000051
676 0.10182230174541473 32 0.0472477450966835 35 537.00714 0.5262000000000511
677 0.03303908929228783 35 0.03303908929228783 35 0.22699559 0.5255000000000511
678 0.13048027455806732 35 0.13048027455806732 35 852.52844 0.5248000000000512
679 0.013230057433247566 35 0.013230057433247566 35 0.061390538 0.5241000000000513
680 0.0030295955948531628 35 0.0030295955948531628 35 0.00877406 0.5234000000000514
681 0.0038541164249181747 33 0.0013697948306798935 35 0.022335669 0.5227000000000515
682 0.0011475502979010344 35 0.0011475502979010344 35 0.0037518987 0.5220000000000515
683 0.004079448990523815 28 0.0028559439815580845 35 0.061465092 0.5213000000000516
684 0.022729240357875824 35 0.022729240357875824 35 0.09014593 0.5206000000000517
685 0.02093079872429371 21 0.00574156828224659 35 0.243822 0.5199000000000518
686 0.0012361875269562006 23 0.0010669101029634476 35 0.016399555 0.5192000000000518
687 0.08559136092662811 31 0.08164406567811966 35 5858.6357 0.5185000000000519
688 0.011263160035014153 35 0.011263160035014153 35 0.0128366025 0.517800000000052
689 0.00302719883620739 35 0.00302719883620739 35 0.028362978 0.5171000000000521
690 0.07669737190008163 35 0.07669737190008163 35 0.2893564 0.5164000000000522
691 0.019967256113886833 27 0.0031134765595197678 35 0.18967456 0.5157000000000522
692 0.11060944944620132 33 0.058273158967494965 35 2843.191 0.5150000000000523
693 0.012648513540625572 34 0.01205210667103529 35 0.017802684 0.5143000000000524
694 0.03600069880485535 35 0.03600069880485535 35 0.34232965 0.5136000000000525
695 0.03639461100101471 25 0.01836596429347992 35 0.3778791 0.5129000000000525
696 0.014414056204259396 34 0.014032063074409962 35 0.0989484 0.5122000000000526
697 0.03965311869978905 31 0.005458332132548094 35 0.20064776 0.5115000000000527
698 0.0021547803189605474 29 0.0020770253613591194 35 0.017942784 0.5108000000000528
699 0.018204640597105026 32 0.01230653002858162 35 0.1890306 0.5101000000000528
700 0.025721503421664238 31 0.006722722202539444 35 0.04725239 0.5094000000000529
701 0.03737114742398262 35 0.03737114742398262 35 0.22494832 0.508700000000053
702 0.055937509983778 35 0.055937509983778 35 0.17588691 0.5080000000000531
703 0.003556429408490658 33 0.003375659231096506 35 0.020671329 0.5073000000000532
704 0.009472251869738102 32 0.00472772354260087 35 0.15931094 0.5066000000000532
705 0.0007575624040327966 23 0.000123860445455648 35 0.005706182 0.5059000000000533
706 0.011379922740161419 27 6.820668204454705e-05 35 0.20468701 0.5052000000000534
707 0.008203286677598953 26 0.005114350467920303 35 0.07985749 0.5045000000000535
708 0.007096580229699612 35 0.007096580229699612 35 0.013630401 0.5038000000000535
709 0.003874574787914753 32 0.002910736482590437 35 0.039599087 0.5031000000000536
710 0.07516510039567947 28 0.04829222708940506 35 0.2822302 0.5024000000000537
711 0.021602828055620193 35 0.021602828055620193 35 0.14683503 0.5017000000000538
712 0.0389585942029953 24 0.007052592001855373 35 0.8881927 0.5010000000000538
713 0.08948703855276108 35 0.08948703855276108 35 415.73404 0.5003000000000539
714 0.1711045652627945 34 0.16395783424377441 35 0.5609712 0.499600000000054
715 0.0418597012758255 35 0.0418597012758255 35 0.28293473 0.4989000000000541
716 0.16340358555316925 28 0.15256966650485992 35 2992.7458 0.49820000000005416
717 0.007070278748869896 33 0.005466298665851355 35 0.046349294 0.49750000000005423
718 0.0014684958150610328 35 0.0014684958150610328 35 0.007026257 0.4968000000000543
719 0.00982318352907896 35 0.00982318352907896 35 0.074749276 0.4961000000000544
720 0.016017545014619827 28 0.002913412405177951 35 0.31404394 0.49540000000005446
721 0.0028272923082113266 32 6.519769522128627e-05 35 0.010856897 0.49470000000005454
722 0.3685237169265747 32 0.32552656531333923 35 4628.396 0.4940000000000546
723 0.1871117502450943 33 0.1727941334247589 35 1417.699 0.4933000000000547
724 0.1103975921869278 35 0.1103975921869278 35 0.20776166 0.49260000000005477
725 0.11182235181331635 32 0.07360401004552841 35 1517.1642 0.49190000000005485
726 0.012693011201918125 35 0.012693011201918125 35 0.11385094 0.4912000000000549
727 0.023483719676733017 33 0.019767262041568756 35 0.43548706 0.490500000000055
728 0.14391253888607025 35 0.14391253888607025 35 2843.724 0.4898000000000551
729 0.0313708521425724 27 0.014256829395890236 35 0.2083644 0.48910000000005516
730 0.09534361213445663 35 0.09534361213445663 35 852.6078 0.48840000000005523
731 0.12475750595331192 27 0.01775861717760563 35 3975.1135 0.4877000000000553
732 0.05566161498427391 27 0.032008860260248184 35 0.8437709 0.4870000000000554
733 0.007353703025728464 29 0.004483527969568968 35 0.07750508 0.48630000000005547
734 0.059732090681791306 32 0.035158801823854446 35 0.36900285 0.48560000000005554
735 0.019538164138793945 35 0.019538164138793945 35 0.124688655 0.4849000000000556
736 0.06884375959634781 35 0.06884375959634781 35 0.047300316 0.4842000000000557
737 0.019313814118504524 35 0.019313814118504524 35 0.09962854 0.4835000000000558
738 0.4505554437637329 27 0.09863036125898361 35 10035.704 0.48280000000005585
739 0.014691310934722424 26 0.005277029238641262 35 0.18355402 0.48210000000005593
740 0.06072685122489929 35 0.06072685122489929 35 0.28716567 0.481400000000056
741 0.04582979530096054 32 0.03899822384119034 35 0.21809602 0.4807000000000561
742 0.008414213545620441 34 0.008216370828449726 35 0.05557524 0.48000000000005616
743 0.03867274522781372 35 0.03867274522781372 35 0.6218457 0.47930000000005624
744 0.07950007170438766 27 0.03443702682852745 35 0.714681 0.4786000000000563
745 0.1501297950744629 28 0.12060863524675369 35 3868.098 0.4779000000000564
746 0.14513057470321655 35 0.14513057470321655 35 1796.9591 0.47720000000005647
747 0.00934844184666872 35 0.00934844184666872 35 0.075514965 0.47650000000005654
748 0.028611335903406143 30 0.013603989034891129 35 0.18678659 0.4758000000000566
749 0.01320462767034769 35 0.01320462767034769 35 0.074295714 0.4751000000000567
750 0.056313496083021164 35 0.056313496083021164 35 0.1759331 0.4744000000000568
751 0.3616150915622711 35 0.3616150915622711 35 4628.7144 0.47370000000005685
752 0.038760457187891006 30 0.008973364718258381 35 0.54371136 0.47300000000005693
753 0.0689101368188858 34 0.06309980154037476 35 0.066341296 0.472300000000057
754 0.0054674046114087105 24 0.002919635968282819 35 0.14079578 0.4716000000000571
755 0.01946796104311943 33 0.006293205544352531 35 0.104589745 0.47090000000005716
756 0.35602959990501404 35 0.35602959990501404 35 1312.5641 0.47020000000005724
757 0.04492025449872017 31 0.031470026820898056 35 0.6622768 0.4695000000000573
758 0.010709728114306927 35 0.010709728114306927 35 0.076307304 0.4688000000000574
759 0.2474234700202942 24 0.026893386617302895 35 6684.2554 0.46810000000005747
760 0.07754205167293549 34 0.06570643186569214 35 0.2944536 0.46740000000005755
761 0.037047162652015686 31 0.01448932383209467 35 0.4469472 0.4667000000000576
762 0.01697421818971634 35 0.01697421818971634 35 0.075691715 0.4660000000000577
763 0.01836298778653145 27 0.004545140080153942 35 0.2847893 0.4653000000000578
764 0.011574789881706238 23 0.004971576388925314 35 0.18037587 0.46460000000005786
765 0.007692831102758646 31 0.00364704430103302 35 0.10674755 0.46390000000005793
766 0.5236724019050598 32 0.23866119980812073 35 4628.3213 0.463200000000058
767 0.014932213351130486 32 0.0005162129527889192 35 0.021520864 0.4625000000000581
768 0.040574364364147186 34 0.03340359777212143 35 0.42289624 0.46180000000005816
769 0.01518882904201746 34 0.010602082125842571 35 0.1656587 0.46110000000005824
770 0.06266497820615768 35 0.06266497820615768 35 0.20873499 0.4604000000000583
771 0.19628331065177917 34 0.19201511144638062 35 3408.1145 0.4597000000000584
772 0.20451335608959198 27 0.004053059034049511 35 2832.0803 0.4590000000000585
773 0.014259202405810356 35 0.014259202405810356 35 0.17509392 0.45830000000005855
774 0.02447117120027542 24 0.019367355853319168 35 0.59466743 0.4576000000000586
775 0.02898287959396839 26 0.023922380059957504 35 0.5429732 0.4569000000000587
776 0.06096624210476875 32 0.05200137943029404 35 1381.6635 0.4562000000000588
777 0.029061490669846535 31 0.008631277829408646 35 0.31038472 0.45550000000005886
778 0.06304285675287247 35 0.06304285675287247 35 0.1724571 0.45480000000005893
779 0.02526565082371235 32 0.02180378884077072 35 0.17599729 0.454100000000059
780 0.20538358390331268 33 0.20018738508224487 35 5980.7725 0.4534000000000591
781 0.028814077377319336 27 0.028110429644584656 35 0.37638086 0.45270000000005917
782 0.008360517211258411 30 0.004342937376350164 35 0.16370058 0.45200000000005924
783 0.012461122125387192 30 0.0035724786575883627 35 0.058448616 0.4513000000000593
784 0.1333087980747223 24 0.01657627709209919 35 4749.0 0.4506000000000594
785 0.015862606465816498 25 0.0007517001358792186 35 0.2879838 0.4499000000000595
786 0.013541480526328087 24 0.011116469278931618 35 0.2167803 0.44920000000005955
787 0.158635675907135 35 0.158635675907135 35 1312.8148 0.44850000000005963
788 0.9076465368270874 31 0.5471550822257996 35 11972.002 0.4478000000000597
789 0.18470387160778046 31 0.1312158852815628 35 4002.8215 0.4471000000000598
790 0.052048664540052414 32 0.04687323793768883 35 0.46844515 0.44640000000005986
791 0.12483999133110046 35 0.12483999133110046 35 1797.1888 0.44570000000005994
792 0.12531541287899017 35 0.12531541287899017 35 1822.5991 0.44500000000006
793 0.050245609134435654 35 0.050245609134435654 35 0.42179224 0.4443000000000601
794 0.04055320471525192 34 0.017100511118769646 35 0.13747202 0.44360000000006017
795 0.026378732174634933 35 0.026378732174634933 35 0.1967295 0.44290000000006025
796 0.048064325004816055 33 0.028383631259202957 35 0.16204293 0.4422000000000603
797 0.033940933644771576 31 0.015068300068378448 35 0.37463966 0.4415000000000604
798 0.10736235976219177 34 0.10387670993804932 35 852.8754 0.4408000000000605
799 0.052174631506204605 35 0.052174631506204605 35 0.3286736 0.44010000000006055
800 0.03342996537685394 35 0.03342996537685394 35 0.20472649 0.43940000000006063
801 0.030695978552103043 31 0.0200093574821949 35 0.21526565 0.4387000000000607
802 0.07909540832042694 22 0.04971566051244736 35 1.2374883 0.4380000000000608
803 0.015310144051909447 35 0.015310144051909447 35 0.28048316 0.43730000000006086
804 0.05561709403991699 35 0.05561709403991699 35 0.036258213 0.43660000000006094
805 0.02139110490679741 32 0.018886543810367584 35 0.26776496 0.435900000000061
806 0.17577651143074036 32 0.11962057650089264 35 1462.1985 0.4352000000000611
807 0.057505812495946884 30 0.04069021716713905 35 1.3300462 0.43450000000006117
808 0.1970672905445099 24 0.11585582792758942 35 6833.366 0.43380000000006125
809 0.011474468745291233 24 0.0021735751070082188 35 0.15394607 0.4331000000000613
810 0.012830525636672974 27 0.010216514579951763 35 0.10781374 0.4324000000000614
811 0.019552914425730705 28 0.0013176000211387873 35 0.4993175 0.4317000000000615
812 0.008411252871155739 35 0.008411252871155739 35 0.10904689 0.43100000000006156
813 0.4984475374221802 31 0.48428505659103394 35 5256.881 0.43030000000006163
814 0.10344892740249634 31 0.06547601521015167 35 415.90207 0.4296000000000617
815 0.02088814228773117 28 0.016584474593400955 35 0.20033163 0.4289000000000618
816 0.014062360860407352 32 0.005352883134037256 35 0.19482538 0.42820000000006186
817 0.017542541027069092 35 0.017542541027069092 35 0.032416742 0.42750000000006194
818 0.1161719411611557 35 0.1161719411611557 35 4369.74 0.426800000000062
819 0.14318223297595978 33 0.08596291393041611 35 2843.1606 0.4261000000000621
820 0.0962819829583168 32 0.05056629702448845 35 2428.02 0.4254000000000622
821 0.022992685437202454 25 0.022760827094316483 35 0.14077717 0.42470000000006225
822 0.02601073682308197 30 0.009583666920661926 35 0.08180623 0.4240000000000623
823 0.0160211194306612 35 0.0160211194306612 35 0.1535292 0.4233000000000624
824 0.02609705924987793 21 0.0018756201025098562 35 0.6573377 0.4226000000000625
825 0.04669785872101784 32 0.015176551416516304 35 0.32014978 0.42190000000006256
826 0.00568585516884923 22 0.0020913949701935053 35 0.20898673 0.42120000000006264
827 0.033064331859350204 35 0.033064331859350204 35 0.38924003 0.4205000000000627
828 0.0667530968785286 35 0.0667530968785286 35 0.48529243 0.4198000000000628
829 0.023075591772794724 30 0.018900973722338676 35 0.079711735 0.41910000000006287
830 0.06926928460597992 35 0.06926928460597992 35 437.32687 0.41840000000006294
831 0.13327139616012573 35 0.13327139616012573 35 853.0897 0.417700000000063
832 0.12050451338291168 25 0.008245904929935932 35 2851.0957 0.4170000000000631
833 0.04330381751060486 27 0.03313438221812248 35 0.45145988 0.4163000000000632
834 0.04107581079006195 25 0.0018132402328774333 35 0.12833229 0.41560000000006325
835 0.0004482021613512188 35 0.0004482021613512188 35 0.0040042563 0.41490000000006333
836 0.12253109365701675 31 0.08314619958400726 35 4213.6675 0.4142000000000634
837 0.06608548760414124 35 0.06608548760414124 35 565.27045 0.4135000000000635
838 0.762136697769165 35 0.762136697769165 35 1796.9739 0.41280000000006356
839 0.33340272307395935 35 0.33340272307395935 35 2306.5173 0.41210000000006364
840 0.12220605462789536 35 0.12220605462789536 35 852.4015 0.4114000000000637
841 0.09619490802288055 35 0.09619490802288055 35 1312.4683 0.4107000000000638
842 0.022161003202199936 35 0.022161003202199936 35 0.111472785 0.41000000000006387
843 0.04373656585812569 32 0.025536231696605682 35 0.09282144 0.40930000000006395
844 0.045383699238300323 35 0.045383699238300323 35 0.2431404 0.408600000000064
845 0.048758137971162796 21 0.0380101352930069 35 0.48988435 0.4079000000000641
846 0.043290574103593826 35 0.043290574103593826 35 0.14550066 0.4072000000000642
847 0.025032145902514458 28 0.022921113297343254 35 0.2899449 0.40650000000006425
848 0.10735201835632324 35 0.10735201835632324 35 484.90033 0.40580000000006433
849 0.004789669532328844 31 0.0018466212786734104 35 0.06266167 0.4051000000000644
850 0.07540388405323029 28 0.011954580433666706 35 0.47661057 0.4044000000000645
851 0.015154019929468632 35 0.015154019929468632 35 0.024891604 0.40370000000006456
852 0.13861936330795288 35 0.13861936330795288 35 0.33862364 0.40300000000006464
853 0.29913780093193054 35 0.29913780093193054 35 4002.6477 0.4023000000000647
854 0.05761699005961418 35 0.05761699005961418 35 993.6876 0.4016000000000648
855 0.007996274158358574 33 0.0033081360161304474 35 0.08046288 0.40090000000006487
856 0.020004667341709137 35 0.020004667341709137 35 0.17168188 0.40020000000006495
857 0.53443843126297 28 0.04785727709531784 35 8724.324 0.399500000000065
858 0.17418240010738373 35 0.17418240010738373 35 5456.686 0.3988000000000651
859 0.5677410364151001 35 0.5677410364151001 35 5287.2393 0.3981000000000652
860 0.12122593075037003 35 0.12122593075037003 35 460.79263 0.39740000000006526
861 0.11487468332052231 28 0.05154414102435112 35 1879.6415 0.39670000000006533
862 0.26175975799560547 35 0.26175975799560547 35 437.50467 0.3960000000000654
863 0.022036666050553322 35 0.022036666050553322 35 0.07668244 0.3953000000000655
864 0.09597369283437729 35 0.09597369283437729 35 2843.3484 0.39460000000006556
865 0.08627976477146149 35 0.08627976477146149 35 0.4839242 0.39390000000006564
866 0.15958112478256226 35 0.15958112478256226 35 6052.381 0.3932000000000657
867 0.04879369959235191 35 0.04879369959235191 35 0.5070961 0.3925000000000658
868 0.3587411046028137 28 0.04070090875029564 35 4434.851 0.3918000000000659
869 0.020807962864637375 29 0.014314361847937107 35 0.22248618 0.39110000000006595
870 0.011075007729232311 35 0.011075007729232311 35 0.12186804 0.390400000000066
871 0.08168365806341171 35 0.08168365806341171 35 944.60187 0.3897000000000661
872 0.3149258494377136 34 0.30672815442085266 35 3407.9526 0.3890000000000662
873 0.18812069296836853 35 0.18812069296836853 35 8288.188 0.38830000000006626
874 0.2945972681045532 35 0.2945972681045532 35 1796.8201 0.38760000000006634
875 0.03659442439675331 35 0.03659442439675331 35 0.10944552 0.3869000000000664
876 0.34998640418052673 33 0.3311547636985779 35 4628.5156 0.3862000000000665
877 0.4318043291568756 35 0.4318043291568756 35 5287.4316 0.38550000000006657
878 0.2490515261888504 32 0.22893425822257996 35 2843.2905 0.38480000000006664
879 0.0895971730351448 30 0.05635979026556015 35 5858.7856 0.3841000000000667
880 0.3965257704257965 32 0.3797280490398407 35 5287.2896 0.3834000000000668
881 0.12004023790359497 33 0.10182522982358932 35 1796.6633 0.3827000000000669
882 0.14035506546497345 35 0.14035506546497345 35 415.40186 0.38200000000006695
883 0.07938901335000992 30 0.05636734515428543 35 0.11861767 0.38130000000006703
884 0.03879924491047859 25 0.03802594542503357 35 0.5824985 0.3806000000000671
885 0.10391812771558762 27 0.0710047110915184 35 0.9469286 0.3799000000000672
886 0.10618577897548676 25 0.08366871625185013 35 2137.4802 0.37920000000006726
887 0.3486044704914093 34 0.34680700302124023 35 5407.628 0.37850000000006734
888 0.038339704275131226 35 0.038339704275131226 35 0.06170614 0.3778000000000674
889 0.03268279507756233 27 0.0017075003124773502 35 0.5492545 0.3771000000000675
890 0.04422421380877495 35 0.04422421380877495 35 0.18874177 0.37640000000006757
891 0.04513406381011009 28 0.0036402258556336164 35 0.56749994 0.37570000000006765
892 0.044056087732315063 25 0.009566932916641235 35 0.89893985 0.3750000000000677
893 0.0819258838891983 34 0.0795174390077591 35 2843.409 0.3743000000000678
894 0.012173078954219818 25 0.006127347704023123 35 0.32173696 0.3736000000000679
895 0.04170779883861542 35 0.04170779883861542 35 0.13748634 0.37290000000006795
896 0.5634410977363586 28 0.1422869712114334 35 3553.5815 0.37220000000006803
897 0.09071237593889236 35 0.09071237593889236 35 2206.299 0.3715000000000681
898 0.03829897940158844 35 0.03829897940158844 35 0.462483 0.3708000000000682
899 0.1047568991780281 30 0.06041718274354935 35 5981.7397 0.37010000000006826
900 0.4879167675971985 35 0.4879167675971985 35 4213.2593 0.36940000000006834
901 0.002221128437668085 27 0.0006894566467963159 35 0.02217341 0.3687000000000684
902 0.08230692148208618 34 0.05833367630839348 35 1312.5844 0.3680000000000685
903 0.06403662264347076 35 0.06403662264347076 35 415.33496 0.36730000000006857
904 0.1485244631767273 30 0.0973755419254303 35 1462.2539 0.36660000000006865
905 0.025165190920233727 30 0.01922846958041191 35 0.09813757 0.3659000000000687
906 0.054383039474487305 35 0.054383039474487305 35 415.36423 0.3652000000000688
907 0.07163060456514359 26 0.06745059043169022 35 0.23028709 0.3645000000000689
908 0.4119478762149811 34 0.40743184089660645 35 5287.2896 0.36380000000006896
909 0.16716153919696808 35 0.16716153919696808 35 4628.526 0.36310000000006903
910 0.22395287454128265 35 0.22395287454128265 35 4749.0596 0.3624000000000691
911 0.10855419933795929 30 0.08881523460149765 35 5128.6426 0.3617000000000692
912 0.3867514431476593 31 0.36068397760391235 35 8287.999 0.36100000000006927
913 0.0004462478682398796 31 0.0003777487436309457 35 0.0057183956 0.36030000000006934
914 0.3495718538761139 28 0.07217119634151459 35 5445.462 0.3596000000000694
915 0.004373149015009403 33 0.0024351708125323057 35 0.017586494 0.3589000000000695
916 0.33295366168022156 35 0.33295366168022156 35 852.52295 0.3582000000000696
917 0.03718392923474312 35 0.03718392923474312 35 0.16172238 0.35750000000006965
918 0.04146462306380272 23 0.009435897693037987 35 0.5335739 0.35680000000006973
919 0.09346286207437515 34 0.09221936017274857 35 2306.846 0.3561000000000698
920 0.044961974024772644 22 0.01796547695994377 35 0.6816069 0.3554000000000699
921 0.009719112887978554 35 0.009719112887978554 35 0.042853605 0.35470000000006996
922 0.12147261947393417 35 0.12147261947393417 35 0.2369083 0.35400000000007004
923 0.1036284789443016 35 0.1036284789443016 35 0.23553015 0.3533000000000701
924 0.040687285363674164 21 0.009277316741645336 35 0.9194556 0.3526000000000702
925 0.2615882456302643 33 0.21815049648284912 35 537.0942 0.35190000000007027
926 0.7281967401504517 28 0.10671919584274292 35 8724.411 0.35120000000007034
927 0.10644052922725677 31 0.010604634881019592 35 1531.2495 0.3505000000000704
928 0.19383390247821808 30 0.04932167008519173 35 0.62451357 0.3498000000000705
929 0.4412602186203003 35 0.4412602186203003 35 4002.6177 0.3491000000000706
930 0.18888504803180695 31 0.10752183198928833 35 4872.278 0.34840000000007065
931 0.3479669690132141 35 0.3479669690132141 35 2843.2153 0.34770000000007073
932 0.01918824389576912 32 0.01613457500934601 35 0.22304022 0.3470000000000708
933 0.051111649721860886 25 0.007112328428775072 35 0.34532106 0.3463000000000709
934 0.04999773949384689 35 0.04999773949384689 35 0.4261939 0.34560000000007096
935 0.2893630564212799 33 0.26594293117523193 35 4002.6377 0.34490000000007104
936 0.016946109011769295 27 0.010304249823093414 35 0.22190611 0.3442000000000711
937 0.01804850436747074 35 0.01804850436747074 35 0.16481462 0.3435000000000712
938 0.3382323980331421 29 0.13222920894622803 35 6710.7783 0.34280000000007127
939 0.01663661189377308 35 0.01663661189377308 35 0.22459307 0.34210000000007135
940 0.1586766391992569 26 0.10895127803087234 35 7064.0146 0.3414000000000714
941 0.04493645951151848 31 0.03443343937397003 35 0.8863045 0.3407000000000715
942 0.4478870630264282 35 0.4478870630264282 35 5287.4556 0.3400000000000716
943 0.08429476618766785 33 0.03134893253445625 35 944.7611 0.33930000000007166
944 0.24015288054943085 35 0.24015288054943085 35 0.2915257 0.33860000000007173
945 0.1514979749917984 33 0.1168830394744873 35 3058.5388 0.3379000000000718
946 0.02746606431901455 34 0.0266512893140316 35 0.38072437 0.3372000000000719
947 0.13640734553337097 28 0.08896796405315399 35 2206.1558 0.33650000000007196
948 0.8564593195915222 29 0.17379073798656464 35 10035.636 0.33580000000007204
949 0.1265833079814911 34 0.11785594373941422 35 0.21776992 0.3351000000000721
950 0.051803626120090485 35 0.051803626120090485 35 0.5504895 0.3344000000000722
951 0.08746840804815292 28 0.025814753025770187 35 3975.5535 0.33370000000007227
952 0.05689548701047897 35 0.05689548701047897 35 852.83044 0.33300000000007235
953 0.1461496502161026 35 0.1461496502161026 35 852.4761 0.3323000000000724
954 0.008284429088234901 20 0.0005325596430338919 35 0.22965442 0.3316000000000725
955 0.035623375326395035 35 0.035623375326395035 35 0.17909393 0.3309000000000726
956 0.14722508192062378 28 0.07609225809574127 35 2859.8828 0.33020000000007266
957 0.043877288699150085 26 0.03731101006269455 35 0.7552572 0.32950000000007273
958 0.08828921616077423 31 0.060534317046403885 35 0.1286251 0.3288000000000728
959 0.11071441322565079 33 0.09128712117671967 35 1312.5095 0.3281000000000729
960 0.2127324342727661 34 0.17248569428920746 35 2306.6094 0.32740000000007297
961 0.14127033948898315 35 0.14127033948898315 35 0.48174295 0.32670000000007304
962 0.4054672122001648 35 0.4054672122001648 35 1.1381488 0.3260000000000731
963 0.02189313806593418 23 0.0037829780485481024 35 0.4796573 0.3253000000000732
964 0.3284190893173218 35 0.3284190893173218 35 2843.2026 0.3246000000000733
965 0.3763529658317566 35 0.3763529658317566 35 7479.252 0.32390000000007335
966 0.09928221255540848 26 0.019729549065232277 35 4636.543 0.32320000000007343
967 0.08285999298095703 33 0.07934018969535828 35 3408.1895 0.3225000000000735
968 0.05010424926877022 35 0.05010424926877022 35 0.48121148 0.3218000000000736
969 0.06902746856212616 32 0.057639747858047485 35 1796.7953 0.32110000000007366
970 0.22983413934707642 28 0.11496011912822723 35 6273.6797 0.32040000000007374
971 0.2532917559146881 34 0.2503853142261505 35 1796.8173 0.3197000000000738
972 0.0716935470700264 33 0.05138702690601349 35 0.2316906 0.3190000000000739
973 0.12132945656776428 31 0.1068294420838356 35 5981.0503 0.31830000000007397
974 0.11859717965126038 28 0.034524139016866684 35 6926.2812 0.31760000000007405
975 0.0597442090511322 28 0.028563307598233223 35 0.8217277 0.3169000000000741
976 0.3974219262599945 26 0.08206085860729218 35 4913.9897 0.3162000000000742
977 0.41201525926589966 27 0.06656069308519363 35 0.3140438 0.3155000000000743
978 0.40512603521347046 29 0.14842285215854645 35 3408.066 0.31480000000007435
979 0.3771485984325409 35 0.3771485984325409 35 1312.9999 0.31410000000007443
980 0.05069403350353241 35 0.05069403350353241 35 0.07275015 0.3134000000000745
981 0.9142707586288452 30 0.5285390615463257 35 9139.345 0.3127000000000746
982 0.35963013768196106 35 0.35963013768196106 35 3081.6624 0.31200000000007466
983 0.03891009837388992 31 0.02604101598262787 35 0.4569214 0.31130000000007474
984 0.024213872849941254 35 0.024213872849941254 35 0.13260809 0.3106000000000748
985 0.022772498428821564 25 0.020791038870811462 35 0.111890234 0.3099000000000749
986 0.10829717665910721 35 0.10829717665910721 35 0.15178037 0.30920000000007497
987 0.07165539264678955 25 0.0019876619335263968 35 0.36317328 0.30850000000007505
988 0.2190149873495102 31 0.09729497879743576 35 5287.3345 0.3078000000000751
989 0.6204063296318054 28 0.5445231199264526 35 10563.755 0.3071000000000752
990 0.05408896505832672 31 0.021392617374658585 35 0.4030138 0.3064000000000753
991 0.05297946557402611 35 0.05297946557402611 35 0.41660058 0.30570000000007536
992 0.022144395858049393 29 0.002487349556759 35 0.23098624 0.30500000000007543
993 0.0820574164390564 33 0.08102735877037048 35 1220.85 0.3043000000000755
994 0.12658779323101044 29 0.026605146005749702 35 1046.7043 0.3036000000000756
995 0.014598640613257885 35 0.014598640613257885 35 0.036274906 0.30290000000007566
996 0.4744880795478821 35 0.4744880795478821 35 4002.811 0.30220000000007574
997 0.013482552953064442 35 0.013482552953064442 35 0.09126121 0.3015000000000758
998 0.4512386620044708 35 0.4512386620044708 35 0.101495996 0.3008000000000759
999 0.19169795513153076 35 0.19169795513153076 35 0.1874442 0.300100000000076
