0 0.0019277544924989343 35 0.0019277544924989343 35 0.0193385 0.99
1 0.001485543791204691 32 0.00051738420734182 35 0.0126571255 0.99
2 0.0001654966763453558 33 8.781928772805259e-05 35 0.0033201673 0.99
3 0.0029755658470094204 30 0.0009887745836749673 35 0.021549756 0.99
4 0.020373404026031494 34 0.017319418489933014 35 0.07355602 0.99
5 0.005953568033874035 35 0.005953568033874035 35 0.018779272 0.99
6 0.0034051029942929745 27 0.0031470051035284996 35 0.04622215 0.99
7 0.006397527176886797 35 0.006397527176886797 35 0.025471834 0.99
8 0.00019993340538349003 34 0.00018130664830096066 35 0.0017170436 0.99
9 0.0021178112365305424 33 0.0006493194960057735 35 0.0134476945 0.99
10 0.018368614837527275 35 0.018368614837527275 35 0.0689819 0.99
11 0.006243533454835415 27 0.001872244873084128 35 0.06943937 0.99
12 0.08660881966352463 32 0.05255730822682381 35 0.36883432 0.99
13 0.0012832782231271267 33 0.0011758840410038829 35 0.04139877 0.99
14 0.00515669584274292 30 0.003593606408685446 35 0.04363349 0.9896
15 0.004692789167165756 35 0.004692789167165756 35 0.010237877 0.9889000000000001
16 0.01358861941844225 35 0.01358861941844225 35 0.060415644 0.9882000000000002
17 0.0004686418978963047 34 0.00046358240069821477 35 0.0032266853 0.9875000000000003
18 0.024118132889270782 35 0.024118132889270782 35 0.15321699 0.9868000000000003
19 0.0005051337648183107 31 0.00045936269452795386 35 0.0046035945 0.9861000000000004
20 0.0023455205373466015 31 0.0008944114088080823 35 0.018217023 0.9854000000000005
21 0.005272073205560446 35 0.005272073205560446 35 0.02247162 0.9847000000000006
22 0.004335680976510048 30 0.0033554155379533768 35 0.032240786 0.9840000000000007
23 0.0021463646553456783 35 0.0021463646553456783 35 0.015341456 0.9833000000000007
24 0.006507877726107836 35 0.006507877726107836 35 0.047624975 0.9826000000000008
25 0.003767709480598569 35 0.003767709480598569 35 0.01436035 0.9819000000000009
26 0.0016641383990645409 33 0.0006921926978975534 35 0.011321596 0.981200000000001
27 0.0049924664199352264 35 0.0049924664199352264 35 0.02524849 0.980500000000001
28 0.08354567736387253 35 0.08354567736387253 35 0.3786048 0.9798000000000011
29 0.001065694261342287 35 0.001065694261342287 35 0.007535496 0.9791000000000012
30 0.009358292445540428 29 0.00638903072103858 35 0.2017566 0.9784000000000013
31 0.0015777163207530975 35 0.0015777163207530975 35 0.01689129 0.9777000000000013
32 0.0025994449388235807 27 0.002291085897013545 35 0.020189414 0.9770000000000014
33 0.00010039500921266153 27 4.1673894884297624e-05 35 0.0009168074 0.9763000000000015
34 0.0041450997814536095 35 0.0041450997814536095 35 0.026051648 0.9756000000000016
35 0.0007435829611495137 35 0.0007435829611495137 35 0.004870514 0.9749000000000017
36 0.001456587458960712 35 0.001456587458960712 35 0.014626314 0.9742000000000017
37 0.0043669831939041615 35 0.0043669831939041615 35 0.006636766 0.9735000000000018
38 0.022112175822257996 35 0.022112175822257996 35 0.07000428 0.9728000000000019
39 0.016349762678146362 35 0.016349762678146362 35 0.12993127 0.972100000000002
40 0.009428180754184723 35 0.009428180754184723 35 0.048656672 0.971400000000002
41 0.027178386226296425 33 0.014466315507888794 35 0.096315086 0.9707000000000021
42 0.015490943565964699 35 0.015490943565964699 35 0.118362896 0.9700000000000022
43 0.0006903017056174576 35 0.0006903017056174576 35 0.0026377859 0.9693000000000023
44 0.007765311747789383 34 0.007414083927869797 35 0.07172287 0.9686000000000023
45 0.002352978102862835 35 0.002352978102862835 35 0.010480664 0.9679000000000024
46 0.0007895029848441482 34 0.0007749678334221244 35 0.0072179055 0.9672000000000025
47 0.03143534064292908 34 0.03143475204706192 35 0.18330503 0.9665000000000026
48 0.0022132457233965397 26 0.0017008761642500758 35 0.021794735 0.9658000000000027
49 0.0020155939273536205 29 0.0006620817584916949 35 0.01441672 0.9651000000000027
50 0.014427565038204193 35 0.014427565038204193 35 0.04027569 0.9644000000000028
51 0.0016493061557412148 35 0.0016493061557412148 35 0.0029320293 0.9637000000000029
52 0.00023252167738974094 30 0.00011515270307427272 35 0.0019362882 0.963000000000003
53 0.012885271571576595 28 0.00764397531747818 35 0.124433696 0.962300000000003
54 0.007454486098140478 35 0.007454486098140478 35 0.007548259 0.9616000000000031
55 0.061536386609077454 35 0.061536386609077454 35 0.525005 0.9609000000000032
56 0.00042760101496241987 32 0.0001230543275596574 35 0.0030374248 0.9602000000000033
57 0.012347240932285786 31 0.0066146464087069035 35 0.0950157 0.9595000000000034
58 0.003930058795958757 35 0.003930058795958757 35 0.032167044 0.9588000000000034
59 0.005125423893332481 35 0.005125423893332481 35 0.026896523 0.9581000000000035
60 0.009177654050290585 35 0.009177654050290585 35 0.06862649 0.9574000000000036
61 0.0026436869520694017 35 0.0026436869520694017 35 0.023248041 0.9567000000000037
62 0.022686446085572243 35 0.022686446085572243 35 0.06262484 0.9560000000000037
63 0.0014443928375840187 26 0.0003867688064929098 35 0.015561689 0.9553000000000038
64 0.000605978537350893 34 0.00047195065417326987 35 0.002529392 0.9546000000000039
65 0.002166095655411482 35 0.002166095655411482 35 0.013402015 0.953900000000004
66 0.0010555590270087123 26 0.0005360363284125924 35 0.019227043 0.953200000000004
67 0.009094223380088806 33 0.009029887616634369 35 0.07209021 0.9525000000000041
68 0.0008121998980641365 35 0.0008121998980641365 35 0.0033266074 0.9518000000000042
69 0.0020009952131658792 28 0.000888547336217016 35 0.03548573 0.9511000000000043
70 0.028577452525496483 34 0.026561029255390167 35 0.13632014 0.9504000000000044
71 0.0030204313807189465 33 0.0018970868550240993 35 0.029193375 0.9497000000000044
72 0.0021742612589150667 35 0.0021742612589150667 35 0.0059409733 0.9490000000000045
73 0.09125358611345291 35 0.09125358611345291 35 437.3312 0.9483000000000046
74 0.00043891562381759286 35 0.00043891562381759286 35 0.004095208 0.9476000000000047
75 0.027840256690979004 33 0.008231344632804394 35 0.06250158 0.9469000000000047
76 0.0006592446006834507 34 0.0006325279828161001 35 0.0045027738 0.9462000000000048
77 0.01588275283575058 34 0.01570139452815056 35 0.08968361 0.9455000000000049
78 0.0024899241980165243 35 0.0024899241980165243 35 0.034878865 0.944800000000005
79 0.008492420427501202 35 0.008492420427501202 35 0.039068956 0.944100000000005
80 0.0011783841764554381 35 0.0011783841764554381 35 0.0026935446 0.9434000000000051
81 0.0012215444585308433 35 0.0012215444585308433 35 0.0036969755 0.9427000000000052
82 0.0014718639431521297 33 0.0011393805034458637 35 0.014904011 0.9420000000000053
83 0.002605389803647995 34 0.002320513129234314 35 0.004332191 0.9413000000000054
84 0.0006694780313409865 29 0.0004483828379306942 35 0.0060259504 0.9406000000000054
85 0.029518209397792816 26 0.005449644289910793 35 0.37342456 0.9399000000000055
86 0.0013646645238623023 35 0.0013646645238623023 35 0.011853179 0.9392000000000056
87 0.01203448697924614 34 0.011674915440380573 35 0.031861722 0.9385000000000057
88 0.018828293308615685 35 0.018828293308615685 35 0.017158005 0.9378000000000057
89 0.0009562471532262862 30 0.0005679502501152456 35 0.0066741947 0.9371000000000058
90 0.004620308056473732 23 0.0009114021668210626 35 0.063193955 0.9364000000000059
91 0.006178251933306456 29 0.0021147236693650484 35 0.046977073 0.935700000000006
92 0.001095547922886908 30 0.0005292609566822648 35 0.023151144 0.935000000000006
93 0.0013607611181214452 35 0.0013607611181214452 35 0.014133874 0.9343000000000061
94 0.00030935893300920725 32 0.00010811920947162434 35 0.003539909 0.9336000000000062
95 0.04807436466217041 35 0.04807436466217041 35 0.12228573 0.9329000000000063
96 0.01358727551996708 31 0.009733621962368488 35 0.05944969 0.9322000000000064
97 0.005977702792733908 34 0.005707134958356619 35 0.026185231 0.9315000000000064
98 0.0006563382339663804 33 8.056184015003964e-05 35 0.0048706224 0.9308000000000065
99 0.0017499399837106466 26 0.0001814009010558948 35 0.014284611 0.9301000000000066
100 0.002347351983189583 33 0.0009851375361904502 35 0.012232517 0.9294000000000067
101 0.0029148119501769543 35 0.0029148119501769543 35 0.008971421 0.9287000000000067
102 0.002211614279076457 35 0.002211614279076457 35 0.008888764 0.9280000000000068
103 0.010276171378791332 33 0.006328835617750883 35 0.021069724 0.9273000000000069
104 0.04389223828911781 29 0.01052026730030775 35 0.34814492 0.926600000000007
105 0.0004011815181002021 30 0.0001985314884223044 35 0.004881064 0.925900000000007
106 0.00036613791598938406 30 0.0002547827607486397 35 0.004562665 0.9252000000000071
107 0.005040666554123163 35 0.005040666554123163 35 0.007955728 0.9245000000000072
108 0.016615845263004303 29 0.010027172043919563 35 0.12143305 0.9238000000000073
109 0.001777460565790534 35 0.001777460565790534 35 0.00620115 0.9231000000000074
110 0.003731337608769536 35 0.003731337608769536 35 0.006964558 0.9224000000000074
111 0.004698724485933781 35 0.004698724485933781 35 0.027498757 0.9217000000000075
112 0.0007153456099331379 35 0.0007153456099331379 35 0.004703972 0.9210000000000076
113 0.003635855158790946 35 0.003635855158790946 35 0.017563527 0.9203000000000077
114 0.004097210709005594 27 0.003247859189286828 35 0.029485483 0.9196000000000077
115 0.011444175615906715 33 0.008401516824960709 35 0.05363176 0.9189000000000078
116 0.000908471702132374 34 0.0009072448592633009 35 0.0032730135 0.9182000000000079
117 0.0066104852594435215 33 0.006499908864498138 35 0.06758406 0.917500000000008
118 0.007130479905754328 35 0.007130479905754328 35 0.11829178 0.916800000000008
119 0.008508735336363316 32 0.0014834727626293898 35 0.049357504 0.9161000000000081
120 0.0020655824337154627 35 0.0020655824337154627 35 0.013635307 0.9154000000000082
121 0.011742020957171917 35 0.011742020957171917 35 0.052389357 0.9147000000000083
122 0.03634367883205414 26 0.03055659681558609 35 0.2975974 0.9140000000000084
123 0.0009555032593198121 35 0.0009555032593198121 35 0.009142893 0.9133000000000084
124 0.021350350230932236 35 0.021350350230932236 35 0.07586869 0.9126000000000085
125 0.0005020394455641508 34 0.0004862978239543736 35 0.009677838 0.9119000000000086
126 0.003552263369783759 32 0.0008625700138509274 35 0.046992026 0.9112000000000087
127 0.0029385045636445284 35 0.0029385045636445284 35 0.013540441 0.9105000000000087
128 0.02729419805109501 24 0.024083023890852928 35 0.452846 0.9098000000000088
129 0.005411340855062008 25 0.000799628731328994 35 0.045437433 0.9091000000000089
130 0.024537451565265656 35 0.024537451565265656 35 0.2533662 0.908400000000009
131 0.0008038078667595983 31 4.3163843656657264e-05 35 0.007977651 0.907700000000009
132 0.025971723720431328 35 0.025971723720431328 35 0.137442 0.9070000000000091
133 0.007130155339837074 35 0.007130155339837074 35 0.042645242 0.9063000000000092
134 0.02993735671043396 35 0.02993735671043396 35 0.12548389 0.9056000000000093
135 0.0011275948490947485 27 0.0005879355012439191 35 0.009646817 0.9049000000000094
136 0.01630488969385624 28 0.006254894658923149 35 0.30108488 0.9042000000000094
137 0.0028836082201451063 27 0.0015160300536081195 35 0.03929465 0.9035000000000095
138 0.008822399191558361 35 0.008822399191558361 35 0.030103978 0.9028000000000096
139 0.002624727552756667 24 0.0010956416372209787 35 0.035134263 0.9021000000000097
140 0.0005119533743709326 23 0.000238364256802015 35 0.0049398937 0.9014000000000097
141 0.017683595418930054 33 0.014270528219640255 35 0.090646476 0.9007000000000098
142 0.05881204456090927 27 0.03832007944583893 35 0.55882704 0.9000000000000099
143 0.009816786274313927 32 0.0077160936780273914 35 0.09710598 0.89930000000001
144 0.0031702774576842785 35 0.0031702774576842785 35 0.028370023 0.8986000000000101
145 0.001404321868903935 35 0.001404321868903935 35 0.0059789885 0.8979000000000101
146 0.007496187463402748 35 0.007496187463402748 35 0.0113904625 0.8972000000000102
147 0.0005189413786865771 19 0.0004757046699523926 35 0.00780252 0.8965000000000103
148 0.03057224489748478 35 0.03057224489748478 35 0.12556706 0.8958000000000104
149 0.0009608902619220316 35 0.0009608902619220316 35 0.0034720444 0.8951000000000104
150 0.006879984866827726 35 0.006879984866827726 35 0.067228734 0.8944000000000105
151 0.0053402637131512165 32 0.0011746095260605216 35 0.08616999 0.8937000000000106
152 0.0002848221338354051 24 0.0002724264923017472 35 0.0028157267 0.8930000000000107
153 0.0002257189917145297 26 3.26235567627009e-05 35 0.0034862286 0.8923000000000108
154 0.0017907408764585853 35 0.0017907408764585853 35 0.0146043785 0.8916000000000108
155 0.002486675977706909 35 0.002486675977706909 35 0.00456172 0.8909000000000109
156 0.09506963938474655 34 0.07951679080724716 35 1454.4952 0.890200000000011
157 0.017148055136203766 35 0.017148055136203766 35 0.0077116275 0.8895000000000111
158 0.0002652673574630171 33 0.00023971032351255417 35 0.0029831638 0.8888000000000111
159 0.005102036986500025 35 0.005102036986500025 35 0.006433677 0.8881000000000112
160 0.0010267357574775815 33 0.0009007554617710412 35 0.012456783 0.8874000000000113
161 0.00021337201178539544 32 7.636900409124792e-05 35 0.0021660302 0.8867000000000114
162 0.001602334901690483 35 0.001602334901690483 35 0.01008325 0.8860000000000114
163 0.00617696950212121 29 0.00454177800565958 35 0.07068912 0.8853000000000115
164 0.0006725405692122877 28 2.561188921390567e-05 35 0.0023456446 0.8846000000000116
165 0.0015799745451658964 35 0.0015799745451658964 35 0.019977974 0.8839000000000117
166 0.009181312285363674 33 0.005383572541177273 35 0.038708217 0.8832000000000118
167 0.003088064258918166 33 0.00273556518368423 35 0.01072548 0.8825000000000118
168 0.0023268824443221092 25 0.0009626898099668324 35 0.011815948 0.8818000000000119
169 0.0043008774518966675 34 0.004270933568477631 35 0.008807522 0.881100000000012
170 0.0026840989012271166 35 0.0026840989012271166 35 0.0026313488 0.8804000000000121
171 0.0013450264232233167 34 0.0013281666906550527 35 0.0015373576 0.8797000000000121
172 0.000607194087933749 35 0.000607194087933749 35 0.007131915 0.8790000000000122
173 0.00163270125631243 35 0.00163270125631243 35 0.0035563437 0.8783000000000123
174 0.003455678466707468 35 0.003455678466707468 35 0.008942459 0.8776000000000124
175 0.01020058710128069 35 0.01020058710128069 35 0.035650674 0.8769000000000124
176 0.0004280291614122689 32 0.0003118294116575271 35 0.0049852976 0.8762000000000125
177 0.0015849097399041057 30 0.0008686290238983929 35 0.013040791 0.8755000000000126
178 0.03964272886514664 35 0.03964272886514664 35 0.13777861 0.8748000000000127
179 0.0052843643352389336 35 0.0052843643352389336 35 0.07421119 0.8741000000000128
180 0.009467003867030144 33 0.0068338895216584206 35 0.024669953 0.8734000000000128
181 0.007221353705972433 35 0.007221353705972433 35 0.032875232 0.8727000000000129
182 0.0026690764352679253 35 0.0026690764352679253 35 0.025045952 0.872000000000013
183 0.007770867086946964 35 0.007770867086946964 35 0.05765698 0.8713000000000131
184 0.0033532402012497187 35 0.0033532402012497187 35 0.0041180826 0.8706000000000131
185 0.0015024807071313262 35 0.0015024807071313262 35 0.003234021 0.8699000000000132
186 0.0023973025381565094 35 0.0023973025381565094 35 0.0018909206 0.8692000000000133
187 0.000799409463070333 34 0.0007822543848305941 35 0.009069332 0.8685000000000134
188 0.000286126509308815 35 0.000286126509308815 35 0.0012520889 0.8678000000000134
189 0.004546533338725567 35 0.004546533338725567 35 0.009759885 0.8671000000000135
190 0.013489768840372562 35 0.013489768840372562 35 0.019717777 0.8664000000000136
191 0.002633176278322935 32 0.0011734551517292857 35 0.030366514 0.8657000000000137
192 0.03841570392251015 35 0.03841570392251015 35 0.28367338 0.8650000000000138
193 0.0017105062725022435 35 0.0017105062725022435 35 0.030880649 0.8643000000000138
194 0.0003538815653882921 33 0.00022559314675163478 35 0.0036440415 0.8636000000000139
195 0.000655924144666642 33 0.0004953229799866676 35 0.0014164872 0.862900000000014
196 0.01384155172854662 35 0.01384155172854662 35 0.080035955 0.8622000000000141
197 0.003100841073319316 31 0.001620777533389628 35 0.019727446 0.8615000000000141
198 0.015111235901713371 35 0.015111235901713371 35 0.026053578 0.8608000000000142
199 0.011820654384791851 34 0.009637271985411644 35 0.10066301 0.8601000000000143
200 0.0019592344760894775 32 0.0017626265762373805 35 0.028785758 0.8594000000000144
201 0.0037075032014399767 26 0.0007134592742659152 35 0.063685045 0.8587000000000145
202 0.007199663203209639 34 0.0071920789778232574 35 0.06580488 0.8580000000000145
203 0.0004925578832626343 35 0.0004925578832626343 35 0.0033232267 0.8573000000000146
204 0.0013465173542499542 28 0.0012359990505501628 35 0.0090283165 0.8566000000000147
205 0.0009447634220123291 34 0.0009280644590035081 35 0.010209145 0.8559000000000148
206 0.0060727959498763084 30 0.001390694873407483 35 0.044173732 0.8552000000000148
207 0.009889030829071999 34 0.009829053655266762 35 0.051965337 0.8545000000000149
208 0.0020600506104528904 30 0.0018486854387447238 35 0.016789708 0.853800000000015
209 0.009203488007187843 34 0.00912617240101099 35 0.041016925 0.8531000000000151
210 0.020190715789794922 33 0.014126761816442013 35 0.04682035 0.8524000000000151
211 0.048099130392074585 35 0.048099130392074585 35 0.10756254 0.8517000000000152
212 0.00032635158277116716 29 0.0001994812919292599 35 0.0022423745 0.8510000000000153
213 0.0012455310206860304 35 0.0012455310206860304 35 0.012995841 0.8503000000000154
214 0.0013429882237687707 26 0.0007242622086778283 35 0.01578943 0.8496000000000155
215 0.00035024277167394757 27 9.485004557063803e-05 35 0.0021015108 0.8489000000000155
216 0.0005347271799109876 31 0.0003477066056802869 35 0.0033767845 0.8482000000000156
217 0.0004686348547693342 24 0.00035338883753865957 35 0.008104747 0.8475000000000157
218 0.0012135538272559643 35 0.0012135538272559643 35 0.008483332 0.8468000000000158
219 0.0037876153364777565 35 0.0037876153364777565 35 0.016543724 0.8461000000000158
220 0.0032734177075326443 33 0.0018610346596688032 35 0.0095899915 0.8454000000000159
221 0.0003510040696710348 33 0.0002716023300308734 35 0.003370504 0.844700000000016
222 0.00019053547293879092 35 0.00019053547293879092 35 0.0006317376 0.8440000000000161
223 0.008800642564892769 33 0.006484046578407288 35 0.087208785 0.8433000000000161
224 0.00445198779925704 27 0.0016876693116500974 35 0.07037893 0.8426000000000162
225 0.0018747723661363125 35 0.0018747723661363125 35 0.009126882 0.8419000000000163
226 0.008314328268170357 35 0.008314328268170357 35 0.12163467 0.8412000000000164
227 0.002240968169644475 34 0.0021523411851376295 35 0.01100386 0.8405000000000165
228 0.002841649577021599 34 0.0027900796849280596 35 0.015843527 0.8398000000000165
229 0.0072204191237688065 29 0.0017659004079177976 35 0.08279405 0.8391000000000166
230 0.0036754081957042217 31 0.0034018487203866243 35 0.01784842 0.8384000000000167
231 0.011740120127797127 34 0.010485740378499031 35 0.06417543 0.8377000000000168
232 0.0004623529384844005 31 0.00034780040732584894 35 0.0016424987 0.8370000000000168
233 0.0004879952175542712 28 0.00016425865760538727 35 0.0025363439 0.8363000000000169
234 0.0038085042033344507 35 0.0038085042033344507 35 0.028748974 0.835600000000017
235 0.05857842415571213 35 0.05857842415571213 35 0.1238296 0.8349000000000171
236 0.00011795398313552141 35 0.00011795398313552141 35 0.0011116874 0.8342000000000172
237 0.0006001318106427789 35 0.0006001318106427789 35 0.0052306834 0.8335000000000172
238 0.005093298386782408 22 0.0043835872784256935 35 0.09375231 0.8328000000000173
239 0.00016006905934773386 31 6.134199065854773e-05 35 0.0011995875 0.8321000000000174
240 0.007092413492500782 34 0.005298248957842588 35 0.036448576 0.8314000000000175
241 0.0015757563523948193 35 0.0015757563523948193 35 0.02295517 0.8307000000000175
242 0.009080927819013596 35 0.009080927819013596 35 0.0006448901 0.8300000000000176
243 0.002312290482223034 35 0.002312290482223034 35 0.012587214 0.8293000000000177
244 0.013429968617856503 35 0.013429968617856503 35 0.011043377 0.8286000000000178
245 0.0006939081940799952 35 0.0006939081940799952 35 0.006617168 0.8279000000000178
246 0.04040258750319481 33 0.03227531164884567 35 0.56809825 0.8272000000000179
247 0.0006890278309583664 22 0.0002484389115124941 35 0.011105101 0.826500000000018
248 0.00020681727619376034 24 0.00017570976342540234 35 0.0023850722 0.8258000000000181
249 0.0008912204648368061 35 0.0008912204648368061 35 0.011036614 0.8251000000000182
250 0.0019200455863028765 30 0.00013847705849912018 35 0.031913962 0.8244000000000182
251 0.01016978733241558 35 0.01016978733241558 35 0.09358922 0.8237000000000183
252 0.0005961132701486349 32 0.00028789907810278237 35 0.009428737 0.8230000000000184
253 0.0015517439460381866 26 0.0005920028197579086 35 0.008254845 0.8223000000000185
254 0.016762850806117058 35 0.016762850806117058 35 0.023988903 0.8216000000000185
255 0.003659686306491494 35 0.003659686306491494 35 0.011532673 0.8209000000000186
256 0.03109203465282917 35 0.03109203465282917 35 0.046577994 0.8202000000000187
257 0.009114719927310944 35 0.009114719927310944 35 0.05222394 0.8195000000000188
258 0.026676375418901443 35 0.026676375418901443 35 0.15612158 0.8188000000000188
259 0.02696177363395691 35 0.02696177363395691 35 0.11037586 0.8181000000000189
260 0.003669337835162878 33 0.003251700196415186 35 0.011924435 0.817400000000019
261 0.0019419846357777715 28 0.0009942470351234078 35 0.025830396 0.8167000000000191
262 0.008971030823886395 30 0.0009491601376794279 35 0.09005203 0.8160000000000192
263 0.0003888556093443185 29 0.00018212028953712434 35 0.0026943563 0.8153000000000192
264 0.012761423364281654 35 0.012761423364281654 35 0.03391829 0.8146000000000193
265 0.05314438417553902 29 0.029191330075263977 35 0.32273704 0.8139000000000194
266 0.011669829487800598 35 0.011669829487800598 35 0.034835406 0.8132000000000195
267 0.012859232723712921 35 0.012859232723712921 35 0.10412617 0.8125000000000195
268 0.07114531099796295 35 0.07114531099796295 35 0.28973034 0.8118000000000196
269 0.024483682587742805 35 0.024483682587742805 35 0.060260225 0.8111000000000197
270 0.027098704129457474 32 0.026825182139873505 35 0.13483402 0.8104000000000198
271 0.00020765987574122846 23 1.492501178290695e-05 35 0.0029434082 0.8097000000000198
272 0.007704727817326784 29 0.0025486222002655268 35 0.085621595 0.8090000000000199
273 0.06777666509151459 35 0.06777666509151459 35 852.65924 0.80830000000002
274 0.010342123918235302 35 0.010342123918235302 35 0.15884897 0.8076000000000201
275 0.009587894193828106 35 0.009587894193828106 35 0.050413795 0.8069000000000202
276 0.01266377791762352 35 0.01266377791762352 35 0.036680963 0.8062000000000202
277 0.0368620827794075 34 0.03681850805878639 35 0.19292194 0.8055000000000203
278 0.0054676528088748455 34 0.005276413168758154 35 0.029621223 0.8048000000000204
279 0.09018231928348541 35 0.09018231928348541 35 1312.6442 0.8041000000000205
280 0.0010782965691760182 29 2.3476195565308444e-05 35 0.0039917924 0.8034000000000205
281 0.010537669993937016 35 0.010537669993937016 35 0.081941254 0.8027000000000206
282 0.0005505275330506265 29 0.0003470249648671597 35 0.004361754 0.8020000000000207
283 0.001730761956423521 28 0.0002334481687285006 35 0.022893697 0.8013000000000208
284 0.0022404100745916367 34 0.002028095070272684 35 0.0099969655 0.8006000000000209
285 0.0012471213703975081 29 0.0010774426627904177 35 0.014269074 0.7999000000000209
286 0.004373240750283003 30 0.0013437711168080568 35 0.016215088 0.799200000000021
287 0.0492471419274807 29 0.021160753443837166 35 0.375738 0.7985000000000211
288 0.0920700952410698 32 0.03991213068366051 35 1530.9808 0.7978000000000212
289 0.014519204385578632 33 0.010519699193537235 35 0.07182327 0.7971000000000212
290 0.0013182456605136395 35 0.0013182456605136395 35 0.017824544 0.7964000000000213
291 0.0004600371466949582 22 3.3832933695521206e-05 35 0.0063397684 0.7957000000000214
292 0.037682946771383286 35 0.037682946771383286 35 0.16429225 0.7950000000000215
293 0.0013216098304837942 33 0.0010257276007905602 35 0.012907257 0.7943000000000215
294 0.002998378360643983 33 0.0015558857703581452 35 0.027200378 0.7936000000000216
295 0.08123066276311874 35 0.08123066276311874 35 415.55887 0.7929000000000217
296 0.0007787978393025696 35 0.0007787978393025696 35 0.003177755 0.7922000000000218
297 0.07493886351585388 32 0.051178228110075 35 852.62744 0.7915000000000219
298 0.022775359451770782 31 0.01746375486254692 35 0.16343354 0.7908000000000219
299 0.004123993683606386 35 0.004123993683606386 35 0.00999773 0.790100000000022
300 0.00022558450291398913 35 0.00022558450291398913 35 0.0008363317 0.7894000000000221
301 0.0025396852288395166 35 0.0025396852288395166 35 0.0032261685 0.7887000000000222
302 0.018343085423111916 30 0.008823850192129612 35 0.08558282 0.7880000000000222
303 0.005879773758351803 35 0.005879773758351803 35 0.016458936 0.7873000000000223
304 0.00028427253710106015 35 0.00028427253710106015 35 0.0023929344 0.7866000000000224
305 0.015202236361801624 35 0.015202236361801624 35 0.06420079 0.7859000000000225
306 0.010723824612796307 21 0.008812428452074528 35 0.31132594 0.7852000000000225
307 0.04266586899757385 35 0.04266586899757385 35 0.5869856 0.7845000000000226
308 0.024045685306191444 33 0.022675657644867897 35 0.22202528 0.7838000000000227
309 0.002860376378521323 24 0.002387220971286297 35 0.017464792 0.7831000000000228
310 0.0004957442870363593 33 0.0004733625683002174 35 0.0049781436 0.7824000000000229
311 0.001099404995329678 27 0.00034464726923033595 35 0.012304148 0.7817000000000229
312 0.004997053183615208 31 0.0031033584382385015 35 0.054342415 0.781000000000023
313 0.022382885217666626 34 0.02196342684328556 35 0.060047887 0.7803000000000231
314 0.08572164177894592 35 0.08572164177894592 35 0.10200511 0.7796000000000232
315 0.002698272466659546 28 0.0012957412982359529 35 0.075529225 0.7789000000000232
316 0.0025789036881178617 28 0.0008953965152613819 35 0.047920674 0.7782000000000233
317 0.16013646125793457 34 0.15474793314933777 35 0.25193924 0.7775000000000234
318 0.0004114747862331569 33 0.00016363577742595226 35 0.0011859671 0.7768000000000235
319 0.0015476216794922948 32 0.001245197025127709 35 0.0070051425 0.7761000000000235
320 6.272074824664742e-05 27 5.825727930641733e-05 35 0.00062482123 0.7754000000000236
321 0.0007490130956284702 22 0.000668024702463299 35 0.013034572 0.7747000000000237
322 0.00027383159613236785 27 0.00022209587041288614 35 0.003809588 0.7740000000000238
323 0.0007337555289268494 35 0.0007337555289268494 35 0.008390365 0.7733000000000239
324 0.05949322506785393 35 0.05949322506785393 35 0.49016684 0.7726000000000239
325 0.002426375634968281 22 0.0005718048778362572 35 0.02799216 0.771900000000024
326 0.011978648602962494 34 0.010718532837927341 35 0.024614211 0.7712000000000241
327 0.006366392131894827 32 0.0014727714005857706 35 0.04134017 0.7705000000000242
328 0.014982273802161217 33 0.004629908595234156 35 0.16782299 0.7698000000000242
329 0.0023099714890122414 28 0.0009090842213481665 35 0.011080174 0.7691000000000243
330 0.03353877365589142 35 0.03353877365589142 35 0.061731547 0.7684000000000244
331 0.003929337486624718 34 0.002774155931547284 35 0.018228976 0.7677000000000245
332 0.003595720510929823 27 0.0033541626762598753 35 0.054421715 0.7670000000000246
333 0.05560455098748207 35 0.05560455098748207 35 0.22104105 0.7663000000000246
334 0.0012893942184746265 35 0.0012893942184746265 35 0.007682544 0.7656000000000247
335 0.0017451806925237179 35 0.0017451806925237179 35 0.014354365 0.7649000000000248
336 0.023350482806563377 32 0.01703255996108055 35 0.112457745 0.7642000000000249
337 0.0010780233424156904 35 0.0010780233424156904 35 0.0019638105 0.7635000000000249
338 0.0008466995204798877 22 0.00011039992386940867 35 0.014486905 0.762800000000025
339 0.0006357739330269396 35 0.0006357739330269396 35 0.00043581866 0.7621000000000251
340 0.001663499977439642 35 0.001663499977439642 35 0.0066750767 0.7614000000000252
341 0.0011877345386892557 35 0.0011877345386892557 35 0.0036167745 0.7607000000000252
342 0.0001971847959794104 34 0.00018316804198548198 35 0.0009595865 0.7600000000000253
343 0.0003547774103935808 35 0.0003547774103935808 35 0.0041754623 0.7593000000000254
344 0.201963871717453 33 0.17571701109409332 35 1312.4099 0.7586000000000255
345 0.00030170820537023246 27 0.0001365366915706545 35 0.00486525 0.7579000000000256
346 0.0005938356043770909 25 0.0004060105711687356 35 0.010214377 0.7572000000000256
347 0.03425655886530876 35 0.03425655886530876 35 0.009799792 0.7565000000000257
348 0.00017034429765772074 35 0.00017034429765772074 35 0.0012163948 0.7558000000000258
349 0.0005081641138531268 35 0.0005081641138531268 35 0.004679866 0.7551000000000259
350 0.003006176557391882 35 0.003006176557391882 35 0.049349926 0.7544000000000259
351 0.010030103847384453 31 0.005641051568090916 35 0.04717443 0.753700000000026
352 0.002268709009513259 35 0.002268709009513259 35 0.008015435 0.7530000000000261
353 0.006436178460717201 24 0.0042315819300711155 35 0.07284297 0.7523000000000262
354 0.006055847276002169 29 0.0016217423835769296 35 0.046468355 0.7516000000000262
355 0.005952946376055479 35 0.005952946376055479 35 0.019766998 0.7509000000000263
356 0.0005139451241120696 32 2.6095816792803816e-05 35 0.0042648725 0.7502000000000264
357 0.00478279497474432 28 0.0034861969761550426 35 0.06316392 0.7495000000000265
358 0.004595116712152958 29 0.001283635152503848 35 0.033920888 0.7488000000000266
359 0.15934614837169647 32 0.1277322620153427 35 2306.4817 0.7481000000000266
360 0.006216495297849178 35 0.006216495297849178 35 0.016367441 0.7474000000000267
361 0.021999264135956764 35 0.021999264135956764 35 0.2648742 0.7467000000000268
362 0.012437570840120316 35 0.012437570840120316 35 0.016099121 0.7460000000000269
363 0.0005327814724296331 34 0.0004946063854731619 35 0.0036885412 0.7453000000000269
364 0.04769524186849594 30 0.01584015227854252 35 0.054922402 0.744600000000027
365 0.009951448999345303 35 0.009951448999345303 35 0.04816579 0.7439000000000271
366 0.06996242702007294 35 0.06996242702007294 35 0.30518317 0.7432000000000272
367 0.020591311156749725 30 0.008198726922273636 35 0.09918246 0.7425000000000272
368 0.0018367852317169309 35 0.0018367852317169309 35 0.007885459 0.7418000000000273
369 0.00020700914319604635 30 3.985984221799299e-05 35 0.0016027916 0.7411000000000274
370 0.001334102009423077 35 0.001334102009423077 35 0.009240566 0.7404000000000275
371 0.005489186383783817 35 0.005489186383783817 35 0.014432856 0.7397000000000276
372 0.048445869237184525 35 0.048445869237184525 35 0.23698947 0.7390000000000276
373 0.004760786425322294 34 0.004126644227653742 35 0.0357947 0.7383000000000277
374 0.008912901394069195 35 0.008912901394069195 35 0.11157207 0.7376000000000278
375 0.0024570899549871683 33 0.0018556241411715746 35 0.021645155 0.7369000000000279
376 0.07753418385982513 27 0.06747274845838547 35 2708.902 0.7362000000000279
377 0.01271608006209135 28 0.003572721965610981 35 0.1368804 0.735500000000028
378 0.015479972586035728 33 0.013352801091969013 35 0.22364874 0.7348000000000281
379 0.0006700521917082369 26 7.914746674941853e-05 35 0.0065192548 0.7341000000000282
380 0.002612140029668808 34 0.0024622511118650436 35 0.015077915 0.7334000000000283
381 0.021492987871170044 24 0.010547454468905926 35 0.34378508 0.7327000000000283
382 0.00028007684159092605 32 0.00025367343914695084 35 0.0017361719 0.7320000000000284
383 0.003990455996245146 35 0.003990455996245146 35 0.06096011 0.7313000000000285
384 0.0003731636970769614 23 0.00026400122442282736 35 0.0047863377 0.7306000000000286
385 0.016075223684310913 35 0.016075223684310913 35 0.062441345 0.7299000000000286
386 0.0028814987745136023 35 0.0028814987745136023 35 0.0072551947 0.7292000000000287
387 0.004475524183362722 35 0.004475524183362722 35 0.046079904 0.7285000000000288
388 0.026348000392317772 34 0.02608502469956875 35 0.06420459 0.7278000000000289
389 0.000598054495640099 35 0.000598054495640099 35 0.007807354 0.727100000000029
390 0.00031161445076577365 33 0.0002993420639541 35 0.0027259816 0.726400000000029
391 0.0013200349640101194 25 0.0005151916993781924 35 0.011938907 0.7257000000000291
392 0.03710471838712692 35 0.03710471838712692 35 0.122840345 0.7250000000000292
393 0.026455946266651154 34 0.019018493592739105 35 0.22416604 0.7243000000000293
394 0.00042445934377610683 25 5.3753767133457586e-05 35 0.0032324488 0.7236000000000293
395 0.006095982156693935 35 0.006095982156693935 35 0.018679408 0.7229000000000294
396 0.004608106333762407 35 0.004608106333762407 35 0.045434244 0.7222000000000295
397 0.2612694799900055 35 0.2612694799900055 35 6484.966 0.7215000000000296
398 0.025272080674767494 30 0.015728631988167763 35 0.12288493 0.7208000000000296
399 0.021580636501312256 35 0.021580636501312256 35 0.11752205 0.7201000000000297
400 0.002680442063137889 35 0.002680442063137889 35 0.009719573 0.7194000000000298
401 0.011338789016008377 35 0.011338789016008377 35 0.022909533 0.7187000000000299
402 0.0032401157077401876 34 0.002443685196340084 35 0.016830025 0.71800000000003
403 7.769413787173107e-05 32 6.928000948391855e-05 35 0.0008716833 0.71730000000003
404 0.0016245245933532715 35 0.0016245245933532715 35 0.003008763 0.7166000000000301
405 0.00018459484272170812 25 9.394800872541964e-05 35 0.0012676562 0.7159000000000302
406 0.029145849868655205 35 0.029145849868655205 35 0.12429412 0.7152000000000303
407 0.0233358982950449 35 0.0233358982950449 35 0.029933047 0.7145000000000303
408 0.0026550772599875927 33 0.001032971660606563 35 0.021824932 0.7138000000000304
409 0.0007249906775541604 35 0.0007249906775541604 35 0.0012273118 0.7131000000000305
410 0.006686598528176546 35 0.006686598528176546 35 0.055960942 0.7124000000000306
411 0.0013458753237500787 22 0.00018963441834785044 35 0.01440458 0.7117000000000306
412 0.023695167154073715 33 0.014142044819891453 35 0.16101879 0.7110000000000307
413 0.014469059184193611 34 0.014274962246418 35 0.16978475 0.7103000000000308
414 0.00907477643340826 33 0.005961685907095671 35 0.13085374 0.7096000000000309
415 0.07322412729263306 35 0.07322412729263306 35 0.05622447 0.708900000000031
416 0.07164955139160156 33 0.06991203874349594 35 0.38466468 0.708200000000031
417 0.001668776385486126 35 0.001668776385486126 35 0.0069246357 0.7075000000000311
418 0.0074220323003828526 22 0.0036314299795776606 35 0.14779249 0.7068000000000312
419 0.003885831218212843 28 0.001066344790160656 35 0.045741435 0.7061000000000313
420 0.0009674719185568392 35 0.0009674719185568392 35 0.0037386396 0.7054000000000313
421 0.00742408586665988 27 0.006283938884735107 35 0.07490809 0.7047000000000314
422 0.0021924979519098997 35 0.0021924979519098997 35 0.006361539 0.7040000000000315
423 0.010264839045703411 31 0.0029468834400177 35 0.041854028 0.7033000000000316
424 0.03222683444619179 35 0.03222683444619179 35 0.046349112 0.7026000000000316
425 0.003386312397196889 35 0.003386312397196889 35 0.0053098476 0.7019000000000317
426 0.0008522166754119098 32 0.0002005752903642133 35 0.0070832833 0.7012000000000318
427 0.0016683315625414252 35 0.0016683315625414252 35 0.0048731496 0.7005000000000319
428 0.001980843022465706 35 0.001980843022465706 35 0.014530474 0.699800000000032
429 0.031583622097969055 33 0.02044185996055603 35 0.2213594 0.699100000000032
430 0.006372970063239336 33 0.0043630534783005714 35 0.053655114 0.6984000000000321
431 0.00724013103172183 35 0.00724013103172183 35 0.059501987 0.6977000000000322
432 0.009202047251164913 35 0.009202047251164913 35 0.041682806 0.6970000000000323
433 0.002129137283191085 35 0.002129137283191085 35 0.0020036139 0.6963000000000323
434 0.005083431024104357 34 0.004855009727180004 35 0.03354882 0.6956000000000324
435 0.0023756129667162895 33 0.0006712467293255031 35 0.017450625 0.6949000000000325
436 0.010812121443450451 28 0.0008239960880018771 35 0.12157182 0.6942000000000326
437 0.0010180737590417266 34 0.0010001574410125613 35 0.009341533 0.6935000000000326
438 0.046903643757104874 35 0.046903643757104874 35 0.042628944 0.6928000000000327
439 0.0021857188548892736 30 0.0014647665666416287 35 0.018392332 0.6921000000000328
440 0.03814678266644478 35 0.03814678266644478 35 0.074545525 0.6914000000000329
441 0.1641390472650528 35 0.1641390472650528 35 1312.4326 0.690700000000033
442 0.010176451876759529 35 0.010176451876759529 35 0.06669761 0.690000000000033
443 0.05108856409788132 25 0.0004154417256359011 35 0.23059683 0.6893000000000331
444 0.0009489605436101556 35 0.0009489605436101556 35 0.007594351 0.6886000000000332
445 0.015604455955326557 28 0.01084879320114851 35 0.17534879 0.6879000000000333
446 0.02096540667116642 35 0.02096540667116642 35 0.17932196 0.6872000000000333
447 0.012083150446414948 35 0.012083150446414948 35 0.103229724 0.6865000000000334
448 0.00022075464949011803 26 9.447176125831902e-05 35 0.0031257344 0.6858000000000335
449 0.01952749863266945 35 0.01952749863266945 35 0.035210032 0.6851000000000336
450 0.0061303614638745785 23 0.003694260260090232 35 0.10268695 0.6844000000000336
451 0.003898611990734935 35 0.003898611990734935 35 0.027907182 0.6837000000000337
452 0.0003149656404275447 34 0.00028020230820402503 35 0.0047239806 0.6830000000000338
453 0.0033161493483930826 35 0.0033161493483930826 35 0.0040395292 0.6823000000000339
454 0.0045188479125499725 31 0.0029947026632726192 35 0.0107893795 0.681600000000034
455 0.00412510521709919 35 0.00412510521709919 35 0.011236252 0.680900000000034
456 0.0036716724280267954 34 0.003615465248003602 35 0.019392716 0.6802000000000341
457 0.025958240032196045 27 0.0013678339309990406 35 0.07721682 0.6795000000000342
458 0.006848989520221949 21 0.001784901018254459 35 0.17666617 0.6788000000000343
459 0.00481419637799263 30 0.001459126709960401 35 0.063564144 0.6781000000000343
460 0.012307817116379738 35 0.012307817116379738 35 0.09751934 0.6774000000000344
461 0.001756907906383276 35 0.001756907906383276 35 0.006563646 0.6767000000000345
462 0.010432282462716103 35 0.010432282462716103 35 0.044901967 0.6760000000000346
463 0.027256516739726067 33 0.022397587075829506 35 0.23560938 0.6753000000000347
464 0.02814895287156105 33 0.027237553149461746 35 0.18728273 0.6746000000000347
465 0.007536276709288359 35 0.007536276709288359 35 0.044024806 0.6739000000000348
466 0.005053604952991009 28 0.0033430634066462517 35 0.04053985 0.6732000000000349
467 0.041239701211452484 30 0.00877945963293314 35 0.4439898 0.672500000000035
468 0.00019147737475577742 26 2.702676283661276e-06 35 0.0014088801 0.671800000000035
469 0.01916966587305069 35 0.01916966587305069 35 0.08923021 0.6711000000000351
470 0.03780113905668259 35 0.03780113905668259 35 0.47733542 0.6704000000000352
471 0.000213866209378466 33 5.6198379752459005e-05 35 0.0010850402 0.6697000000000353
472 0.044412221759557724 25 0.012988691218197346 35 0.7544645 0.6690000000000353
473 0.022760046645998955 31 0.018391573801636696 35 0.26588678 0.6683000000000354
474 0.10046850144863129 35 0.10046850144863129 35 0.4703056 0.6676000000000355
475 0.007382397074252367 33 0.006649625021964312 35 0.017851839 0.6669000000000356
476 0.002256283536553383 28 0.0014644457260146737 35 0.020945093 0.6662000000000357
477 0.016361461952328682 35 0.016361461952328682 35 0.009543677 0.6655000000000357
478 0.006965704262256622 32 0.002941880840808153 35 0.025109086 0.6648000000000358
479 0.0027657567989081144 35 0.0027657567989081144 35 0.040279213 0.6641000000000359
480 0.012263897806406021 35 0.012263897806406021 35 0.025453955 0.663400000000036
481 0.0028611200395971537 35 0.0028611200395971537 35 0.018924966 0.662700000000036
482 0.0029685935005545616 35 0.0029685935005545616 35 0.008523317 0.6620000000000361
483 3.8229300116654485e-05 35 3.8229300116654485e-05 35 0.0006237769 0.6613000000000362
484 0.0995708629488945 25 0.08700057864189148 35 3688.9653 0.6606000000000363
485 0.0011662699980661273 35 0.0011662699980661273 35 0.011479609 0.6599000000000363
486 0.00118814199231565 23 0.0005175921833142638 35 0.017062899 0.6592000000000364
487 0.01886735111474991 35 0.01886735111474991 35 0.026712727 0.6585000000000365
488 0.0020724886562675238 35 0.0020724886562675238 35 0.011914353 0.6578000000000366
489 0.005893038585782051 33 0.004285227041691542 35 0.037674084 0.6571000000000367
490 0.0012260969961062074 35 0.0012260969961062074 35 0.0070735295 0.6564000000000367
491 0.0044076889753341675 30 0.00046237968490459025 35 0.020158779 0.6557000000000368
492 0.0012024070601910353 35 0.0012024070601910353 35 0.0057692016 0.6550000000000369
493 0.024906082078814507 34 0.022981537505984306 35 0.06795155 0.654300000000037
494 0.036779116839170456 35 0.036779116839170456 35 0.121362455 0.653600000000037
495 0.004636920522898436 31 0.003143752459436655 35 0.016861541 0.6529000000000371
496 0.016024911776185036 24 0.011303526349365711 35 0.14771485 0.6522000000000372
497 0.003781928913667798 35 0.003781928913667798 35 0.02601812 0.6515000000000373
498 0.0020402073860168457 35 0.0020402073860168457 35 0.010860235 0.6508000000000373
499 0.0035391394048929214 30 0.0005285846418701112 35 0.011945489 0.6501000000000374
500 0.0019941346254199743 33 0.001061190851032734 35 0.02706555 0.6494000000000375
501 0.049404360353946686 35 0.049404360353946686 35 0.1062629 0.6487000000000376
502 0.08286246657371521 35 0.08286246657371521 35 415.35117 0.6480000000000377
503 0.03292711079120636 29 0.014514421112835407 35 0.39815402 0.6473000000000377
504 0.003069991013035178 31 0.0013211827026680112 35 0.024949199 0.6466000000000378
505 0.002370491623878479 35 0.002370491623878479 35 0.0075734286 0.6459000000000379
506 0.03148045018315315 35 0.03148045018315315 35 0.35087848 0.645200000000038
507 0.007942887023091316 35 0.007942887023091316 35 0.03932666 0.644500000000038
508 0.016660595312714577 35 0.016660595312714577 35 0.09768614 0.6438000000000381
509 0.0015615528682246804 29 0.00033330899896100163 35 0.029133094 0.6431000000000382
510 0.0013227612944319844 34 0.001068166340701282 35 0.009226134 0.6424000000000383
511 0.009287270717322826 35 0.009287270717322826 35 0.030340228 0.6417000000000384
512 0.0015531815588474274 26 0.0012072038371115923 35 0.0163096 0.6410000000000384
513 0.0066270893439650536 34 0.00615457259118557 35 0.09970629 0.6403000000000385
514 0.04784219712018967 34 0.0435665100812912 35 0.35263592 0.6396000000000386
515 0.0025172417517751455 31 0.0005562725709751248 35 0.020392878 0.6389000000000387
516 0.0006273597828112543 35 0.0006273597828112543 35 0.0028974523 0.6382000000000387
517 1.6592508472967893e-05 33 6.210761966940481e-06 35 0.00013131816 0.6375000000000388
518 0.00162824138533324 33 0.0013703068252652884 35 0.013366284 0.6368000000000389
519 0.0005720418994314969 32 0.0004035758611280471 35 0.002745186 0.636100000000039
520 0.0067185708321630955 35 0.0067185708321630955 35 0.015688503 0.635400000000039
521 0.00023175968090072274 30 5.466061702463776e-05 35 0.002269792 0.6347000000000391
522 0.0033933520317077637 35 0.0033933520317077637 35 0.014003726 0.6340000000000392
523 0.0019049381371587515 35 0.0019049381371587515 35 0.012218703 0.6333000000000393
524 0.0010453524300828576 27 8.578232154832222e-06 35 0.0094555365 0.6326000000000394
525 0.020588252693414688 35 0.020588252693414688 35 0.11561607 0.6319000000000394
526 0.0007688240148127079 34 0.0006785240839235485 35 0.0131217325 0.6312000000000395
527 0.010140885598957539 26 0.00583175802603364 35 0.20500253 0.6305000000000396
528 0.0024472398217767477 35 0.0024472398217767477 35 0.005172584 0.6298000000000397
529 0.033817633986473083 35 0.033817633986473083 35 0.06895954 0.6291000000000397
530 0.000884281296748668 32 0.00012915831757709384 35 0.006116559 0.6284000000000398
531 0.004850680008530617 32 0.0033556348644196987 35 0.03208139 0.6277000000000399
532 0.06418856978416443 35 0.06418856978416443 35 0.06340529 0.62700000000004
533 0.107970230281353 35 0.107970230281353 35 2095.7048 0.62630000000004
534 0.2642567455768585 35 0.2642567455768585 35 0.29011312 0.6256000000000401
535 0.0021827509626746178 31 0.0014484100975096226 35 0.015689969 0.6249000000000402
536 0.0007451322162523866 22 0.0001676397951086983 35 0.006640613 0.6242000000000403
537 0.0052347853779792786 35 0.0052347853779792786 35 0.068855576 0.6235000000000404
538 0.006955154240131378 35 0.006955154240131378 35 0.013529246 0.6228000000000404
539 0.0029256220441311598 35 0.0029256220441311598 35 0.020529406 0.6221000000000405
540 0.017785990610718727 35 0.017785990610718727 35 0.052004065 0.6214000000000406
541 0.0014036919455975294 31 0.0006111992406658828 35 0.022748087 0.6207000000000407
542 0.0008769998094066978 32 0.0005596906994469464 35 0.008314425 0.6200000000000407
543 0.0010571555467322469 34 0.0009685433469712734 35 0.015250443 0.6193000000000408
544 0.0006657250924035907 35 0.0006657250924035907 35 0.002428173 0.6186000000000409
545 0.02885143831372261 33 0.026543913409113884 35 0.20933977 0.617900000000041
546 0.053784485906362534 26 0.006159311626106501 35 0.88699687 0.617200000000041
547 0.016888827085494995 35 0.016888827085494995 35 0.081680514 0.6165000000000411
548 0.012737086042761803 35 0.012737086042761803 35 0.0678473 0.6158000000000412
549 0.00216794409789145 31 0.0021387096494436264 35 0.02736827 0.6151000000000413
550 0.06012656167149544 33 0.033778827637434006 35 944.66187 0.6144000000000414
551 0.00231841835193336 35 0.00231841835193336 35 0.01660727 0.6137000000000414
552 0.002823726274073124 28 0.00036792640457861125 35 0.02234321 0.6130000000000415
553 0.09693115204572678 35 0.09693115204572678 35 1796.8774 0.6123000000000416
554 0.005452001467347145 33 0.0036085715983062983 35 0.004438639 0.6116000000000417
555 0.018799370154738426 32 0.015319118276238441 35 0.12654199 0.6109000000000417
556 0.0015371799236163497 22 0.0007284191087819636 35 0.017344195 0.6102000000000418
557 0.012263351120054722 26 0.006640696432441473 35 0.12528966 0.6095000000000419
558 0.025210006162524223 35 0.025210006162524223 35 0.08181853 0.608800000000042
559 0.0019934135489165783 35 0.0019934135489165783 35 0.007701903 0.608100000000042
560 0.0015926879132166505 27 0.0011543675791472197 35 0.016730426 0.6074000000000421
561 0.009620974771678448 35 0.009620974771678448 35 0.034822073 0.6067000000000422
562 0.0018660315545275807 28 0.0015040971338748932 35 0.016947199 0.6060000000000423
563 0.009987644851207733 35 0.009987644851207733 35 0.061457906 0.6053000000000424
564 0.16540838778018951 35 0.16540838778018951 35 1385.409 0.6046000000000424
565 0.0222504623234272 35 0.0222504623234272 35 0.06929635 0.6039000000000425
566 0.08698898553848267 35 0.08698898553848267 35 899.9468 0.6032000000000426
567 0.001918788067996502 35 0.001918788067996502 35 0.0070335865 0.6025000000000427
568 0.029063401743769646 35 0.029063401743769646 35 0.18821052 0.6018000000000427
569 0.0006263498216867447 29 0.0005997818661853671 35 0.0045815273 0.6011000000000428
570 0.010133693926036358 34 0.010128027759492397 35 0.1323173 0.6004000000000429
571 0.0007230855990201235 32 0.00015013963275123388 35 0.0056540226 0.599700000000043
572 0.014304970391094685 30 0.003912809304893017 35 0.06179195 0.599000000000043
573 0.0017007960705086589 35 0.0017007960705086589 35 0.0055270903 0.5983000000000431
574 0.00552678108215332 35 0.00552678108215332 35 0.036494225 0.5976000000000432
575 0.0060741794295609 35 0.0060741794295609 35 0.02330645 0.5969000000000433
576 0.0053086234256625175 35 0.0053086234256625175 35 0.056528237 0.5962000000000434
577 0.0012673083692789078 35 0.0012673083692789078 35 0.012895879 0.5955000000000434
578 0.0018162173219025135 35 0.0018162173219025135 35 0.008219814 0.5948000000000435
579 0.0004626310255844146 35 0.0004626310255844146 35 0.002423608 0.5941000000000436
580 0.10656698048114777 33 0.1045670434832573 35 1575.1951 0.5934000000000437
581 0.011508294381201267 35 0.011508294381201267 35 0.03170361 0.5927000000000437
582 0.020726433023810387 35 0.020726433023810387 35 0.008242077 0.5920000000000438
583 0.01972125470638275 35 0.01972125470638275 35 0.13080382 0.5913000000000439
584 0.0016314744716510177 30 0.0003204126551281661 35 0.008861268 0.590600000000044
585 0.011662673205137253 35 0.011662673205137253 35 0.047777485 0.5899000000000441
586 0.013209356926381588 35 0.013209356926381588 35 0.10453576 0.5892000000000441
587 0.00034657857031561434 25 5.07877666677814e-05 35 0.004471399 0.5885000000000442
588 0.0011741979978978634 35 0.0011741979978978634 35 0.0056645744 0.5878000000000443
589 0.005982025992125273 34 0.004787659738212824 35 0.021707375 0.5871000000000444
590 0.04035821184515953 35 0.04035821184515953 35 0.24308342 0.5864000000000444
591 0.005186291411519051 35 0.005186291411519051 35 0.015173718 0.5857000000000445
592 0.0036191039253026247 35 0.0036191039253026247 35 0.016592527 0.5850000000000446
593 0.0011846796842291951 20 0.000277772662229836 35 0.017361378 0.5843000000000447
594 0.003096768632531166 31 0.0011493420461192727 35 0.029844694 0.5836000000000447
595 0.006432592868804932 34 0.006328123155981302 35 0.013395826 0.5829000000000448
596 0.07233632355928421 35 0.07233632355928421 35 852.3711 0.5822000000000449
597 0.021939052268862724 25 0.007169655989855528 35 0.30917296 0.581500000000045
598 0.021352199837565422 35 0.021352199837565422 35 0.19046675 0.5808000000000451
599 0.0027070350479334593 35 0.0027070350479334593 35 0.022609789 0.5801000000000451
600 0.02222757413983345 35 0.02222757413983345 35 0.056127954 0.5794000000000452
601 0.004558810498565435 35 0.004558810498565435 35 0.047402576 0.5787000000000453
602 0.0035719205625355244 35 0.0035719205625355244 35 0.0037092674 0.5780000000000454
603 0.04017726704478264 35 0.04017726704478264 35 0.42600662 0.5773000000000454
604 0.013884871266782284 35 0.013884871266782284 35 0.15910673 0.5766000000000455
605 0.007458806503564119 28 0.003955986350774765 35 0.063213155 0.5759000000000456
606 0.010104715824127197 35 0.010104715824127197 35 0.045931615 0.5752000000000457
607 0.00831243209540844 35 0.00831243209540844 35 0.06325779 0.5745000000000458
608 0.06340033560991287 35 0.06340033560991287 35 0.61770505 0.5738000000000458
609 0.0061957999132573605 28 0.0019424587953835726 35 0.050690684 0.5731000000000459
610 0.0027052275836467743 34 0.0026453626342117786 35 0.025033167 0.572400000000046
611 0.00476696714758873 34 0.004710234235972166 35 0.047034398 0.5717000000000461
612 0.06641174852848053 35 0.06641174852848053 35 0.15150598 0.5710000000000461
613 0.015262426808476448 32 0.014442325569689274 35 0.14656377 0.5703000000000462
614 0.0014779958873987198 31 0.001065133372321725 35 0.007990053 0.5696000000000463
615 0.031137974932789803 35 0.031137974932789803 35 0.11347281 0.5689000000000464
616 0.0005697623128071427 14 0.000428547355113551 35 0.015911642 0.5682000000000464
617 0.11185496300458908 29 0.059440597891807556 35 994.2824 0.5675000000000465
618 0.031680334359407425 35 0.031680334359407425 35 0.033324655 0.5668000000000466
619 0.0037801451981067657 35 0.0037801451981067657 35 0.015379393 0.5661000000000467
620 0.002526861149817705 35 0.002526861149817705 35 0.0013275441 0.5654000000000468
621 0.023743106052279472 35 0.023743106052279472 35 0.114575624 0.5647000000000468
622 0.015103965997695923 35 0.015103965997695923 35 0.051742744 0.5640000000000469
623 0.00130664452444762 33 0.0009283366962336004 35 0.015685879 0.563300000000047
624 0.011349397711455822 35 0.011349397711455822 35 0.040844448 0.5626000000000471
625 0.002159662311896682 33 0.0020106136798858643 35 0.010782565 0.5619000000000471
626 0.03869961202144623 29 0.019549617543816566 35 0.37823564 0.5612000000000472
627 0.0013441959163174033 22 4.7640267439419404e-05 35 0.012395798 0.5605000000000473
628 0.0071510388515889645 34 0.007090156897902489 35 0.04962807 0.5598000000000474
629 0.017264122143387794 23 0.0028313565999269485 35 0.27664444 0.5591000000000474
630 0.005994073580950499 33 0.0008020314853638411 35 0.017584784 0.5584000000000475
631 0.0008827357669360936 32 0.0007852023118175566 35 0.012740579 0.5577000000000476
632 0.0394953228533268 35 0.0394953228533268 35 0.09040615 0.5570000000000477
633 0.0040411921218037605 33 0.003904110286384821 35 0.027606914 0.5563000000000478
634 0.002694808878004551 33 0.002392095746472478 35 0.011912328 0.5556000000000478
635 0.0004438833857420832 28 0.00030808671726845205 35 0.0050399313 0.5549000000000479
636 0.0022219642996788025 35 0.0022219642996788025 35 0.0076465365 0.554200000000048
637 0.007463336456567049 33 0.0065681845881044865 35 0.042381156 0.5535000000000481
638 0.0007768725627101958 29 0.00010680009290808812 35 0.010313308 0.5528000000000481
639 0.0071944198571145535 35 0.0071944198571145535 35 0.038578246 0.5521000000000482
640 0.045175522565841675 33 0.01252783089876175 35 0.21319303 0.5514000000000483
641 0.0013679473195225 33 0.0008747525280341506 35 0.006833178 0.5507000000000484
642 0.03543485701084137 31 0.029628071933984756 35 0.31419945 0.5500000000000485
643 0.024550840258598328 30 0.0137285515666008 35 0.1669585 0.5493000000000485
644 0.11150248348712921 33 0.07340676337480545 35 1954.0085 0.5486000000000486
645 0.0010725536849349737 31 0.0001532851019874215 35 0.010937364 0.5479000000000487
646 0.03363686800003052 28 0.025559132918715477 35 0.37264755 0.5472000000000488
647 0.007571815978735685 35 0.007571815978735685 35 0.09905113 0.5465000000000488
648 0.062253180891275406 33 0.05236370861530304 35 0.16080251 0.5458000000000489
649 0.16530662775039673 34 0.1593562215566635 35 1462.423 0.545100000000049
650 0.0020625030156224966 34 0.001901917508803308 35 0.015349992 0.5444000000000491
651 0.0808926448225975 35 0.0808926448225975 35 415.2947 0.5437000000000491
652 0.006757425609976053 35 0.006757425609976053 35 0.060764894 0.5430000000000492
653 0.02189572900533676 35 0.02189572900533676 35 0.07908139 0.5423000000000493
654 0.014352486468851566 28 0.010138479061424732 35 0.1962876 0.5416000000000494
655 0.004285486415028572 27 0.0038420658092945814 35 0.0325467 0.5409000000000495
656 0.007429998368024826 35 0.007429998368024826 35 0.014958221 0.5402000000000495
657 0.003309625433757901 35 0.003309625433757901 35 0.015631044 0.5395000000000496
658 0.005730285309255123 27 0.0019463401986286044 35 0.07348946 0.5388000000000497
659 0.01123144943267107 35 0.01123144943267107 35 0.06073665 0.5381000000000498
660 0.001068122568540275 35 0.001068122568540275 35 0.003502626 0.5374000000000498
661 4.785104465554468e-05 34 3.674444087664597e-05 35 0.00013780122 0.5367000000000499
662 2.788580059132073e-05 30 2.4449285774608143e-05 35 0.00051258266 0.53600000000005
663 0.002505326410755515 31 0.0019330417271703482 35 0.018807044 0.5353000000000501
664 0.0011252497788518667 35 0.0011252497788518667 35 0.0032669976 0.5346000000000501
665 0.0032098102383315563 35 0.0032098102383315563 35 0.0063871983 0.5339000000000502
666 0.0033183936029672623 35 0.0033183936029672623 35 0.03823116 0.5332000000000503
667 0.04579642415046692 35 0.04579642415046692 35 0.045564298 0.5325000000000504
668 0.0009347195154987276 28 0.0007114906911738217 35 0.0143824285 0.5318000000000505
669 0.0007535283220931888 21 0.0004512121668085456 35 0.009169477 0.5311000000000505
670 0.0004463251680135727 35 0.0004463251680135727 35 0.0030829883 0.5304000000000506
671 0.0014151805080473423 29 1.6504376617376693e-05 35 0.008588158 0.5297000000000507
672 0.011436394415795803 27 0.002392199356108904 35 0.15066727 0.5290000000000508
673 0.0028886483050882816 35 0.0028886483050882816 35 0.02017431 0.5283000000000508
674 0.01030731201171875 35 0.01030731201171875 35 0.010448503 0.5276000000000509
675 0.1733361780643463 35 0.1733361780643463 35 0.28266683 0.526900000000051
676 0.0007501498912461102 31 0.0003378830151632428 35 0.004279185 0.5262000000000511
677 7.115603511920199e-05 30 1.89443671843037e-05 35 0.0006205965 0.5255000000000511
678 0.03200371935963631 35 0.03200371935963631 35 0.027067978 0.5248000000000512
679 0.010861597023904324 35 0.010861597023904324 35 0.05719203 0.5241000000000513
680 0.0003995487350039184 34 0.00025043857749551535 35 0.00025969566 0.5234000000000514
681 0.0003317307564429939 33 7.698936678934842e-05 35 0.002651929 0.5227000000000515
682 0.04156356304883957 35 0.04156356304883957 35 0.102858014 0.5220000000000515
683 0.0017127703176811337 22 0.0007254524971358478 35 0.019834531 0.5213000000000516
684 0.002638863632455468 28 0.0020398134365677834 35 0.04440032 0.5206000000000517
685 0.0007802690961398184 35 0.0007802690961398184 35 0.0049539176 0.5199000000000518
686 0.001907037221826613 23 0.0008326348615810275 35 0.025415517 0.5192000000000518
687 0.0061087217181921005 29 0.001160930492915213 35 0.050189223 0.5185000000000519
688 0.008681228384375572 32 0.0077143386006355286 35 0.016523644 0.517800000000052
689 0.008263327181339264 25 0.007958429865539074 35 0.2832885 0.5171000000000521
690 0.0026939345989376307 33 0.001820264384150505 35 0.030983377 0.5164000000000522
691 0.05537601187825203 32 0.036650024354457855 35 0.32982686 0.5157000000000522
692 0.006349187344312668 35 0.006349187344312668 35 0.010855776 0.5150000000000523
693 0.00406367564573884 26 0.0017196738626807928 35 0.09136584 0.5143000000000524
694 0.008369330316781998 35 0.008369330316781998 35 0.0643702 0.5136000000000525
695 0.017203928902745247 28 0.012315078638494015 35 0.15887646 0.5129000000000525
696 0.003969677723944187 35 0.003969677723944187 35 0.042615272 0.5122000000000526
697 0.005358984228223562 27 0.004438912030309439 35 0.062465835 0.5115000000000527
698 0.008454298600554466 32 0.0023377351462841034 35 0.055109218 0.5108000000000528
699 0.0016713776858523488 35 0.0016713776858523488 35 0.007946973 0.5101000000000528
700 0.0073297759518027306 33 0.004391225520521402 35 0.047063544 0.5094000000000529
701 0.002083190716803074 35 0.002083190716803074 35 0.01010613 0.508700000000053
702 0.03950101137161255 35 0.03950101137161255 35 0.10698067 0.5080000000000531
703 0.02476157806813717 35 0.02476157806813717 35 0.08739706 0.5073000000000532
704 0.00027744751423597336 28 0.000109159889689181 35 0.0037179661 0.5066000000000532
705 0.0005182672175578773 33 0.0002596130361780524 35 0.00097649347 0.5059000000000533
706 0.00023030331067275256 34 0.0002236842265119776 35 0.0023392362 0.5052000000000534
707 0.03352440521121025 34 0.03331555053591728 35 0.09704075 0.5045000000000535
708 0.005223786924034357 31 0.004036597907543182 35 0.022624666 0.5038000000000535
709 0.009888418018817902 34 0.009240972809493542 35 0.049591105 0.5031000000000536
710 0.0015635336749255657 33 0.0006868152995593846 35 0.012733992 0.5024000000000537
711 0.0002998294366989285 33 0.0001191604242194444 35 0.0026141193 0.5017000000000538
712 0.0003149007970932871 35 0.0003149007970932871 35 0.0028208487 0.5010000000000538
713 0.0024258329067379236 35 0.0024258329067379236 35 0.008845423 0.5003000000000539
714 0.00037396023981273174 26 0.000118072988698259 35 0.0051385122 0.499600000000054
715 0.02228875830769539 31 0.007827544584870338 35 0.28101444 0.4989000000000541
716 0.0824269950389862 31 0.028612961992621422 35 994.1976 0.49820000000005416
717 0.0007882653153501451 35 0.0007882653153501451 35 0.0032054833 0.49750000000005423
718 0.007316207978874445 35 0.007316207978874445 35 0.019479906 0.4968000000000543
719 0.003317095572128892 31 0.0019873292185366154 35 0.015567165 0.4961000000000544
720 0.0245840921998024 35 0.0245840921998024 35 0.029409042 0.49540000000005446
721 0.0286155566573143 33 0.011053793132305145 35 0.08021152 0.49470000000005454
722 0.03198031708598137 33 0.02864379994571209 35 0.28634477 0.4940000000000546
723 0.004648763220757246 32 0.0037993788719177246 35 0.04951925 0.4933000000000547
724 0.010619577951729298 35 0.010619577951729298 35 0.013198566 0.49260000000005477
725 0.0008809770806692541 32 0.00035813343129120767 35 0.0117902 0.49190000000005485
726 0.005210517905652523 35 0.005210517905652523 35 0.043022487 0.4912000000000549
727 0.00285119516775012 30 9.120821778196841e-05 35 0.016670238 0.490500000000055
728 0.010488131083548069 35 0.010488131083548069 35 0.051053226 0.4898000000000551
729 0.0020891819149255753 35 0.0020891819149255753 35 0.043782685 0.48910000000005516
730 0.01993618905544281 35 0.01993618905544281 35 0.1543973 0.48840000000005523
731 0.002833147067576647 33 0.002755842637270689 35 0.01902768 0.4877000000000553
732 0.002974638482555747 35 0.002974638482555747 35 0.03529601 0.4870000000000554
733 0.0036353711038827896 28 0.003165619447827339 35 0.040200215 0.48630000000005547
734 0.02262536995112896 35 0.02262536995112896 35 0.112091586 0.48560000000005554
735 0.0015625115483999252 19 0.0005984645686112344 35 0.009708664 0.4849000000000556
736 0.0016685843002051115 35 0.0016685843002051115 35 0.008837971 0.4842000000000557
737 0.0038490130100399256 22 0.0011765242088586092 35 0.048107076 0.4835000000000558
738 0.00047376935253851116 25 0.00010991576709784567 35 0.009104039 0.48280000000005585
739 0.0009904650505632162 28 0.0007803013431839645 35 0.0149319675 0.48210000000005593
740 0.04034939408302307 35 0.04034939408302307 35 0.06534433 0.481400000000056
741 5.4919993999646977e-05 33 2.242047594336327e-05 35 0.00029448167 0.4807000000000561
742 0.09278842061758041 35 0.09278842061758041 35 0.15421623 0.48000000000005616
743 0.00045615751878358424 28 9.794079960556701e-05 35 0.0029590542 0.47930000000005624
744 0.0011435409542173147 35 0.0011435409542173147 35 0.0014336267 0.4786000000000563
745 0.07940762490034103 30 0.07755555212497711 35 0.5378194 0.4779000000000564
746 0.0002016507351072505 31 5.1593899115687236e-05 35 0.001331599 0.47720000000005647
747 0.0117839640006423 35 0.0117839640006423 35 0.053560857 0.47650000000005654
748 0.00019118987256661057 26 0.00013225199654698372 35 0.004102145 0.4758000000000566
749 0.0002345430984860286 26 4.932217052555643e-05 35 0.005016822 0.4751000000000567
750 0.0008534001535736024 35 0.0008534001535736024 35 0.004470229 0.4744000000000568
751 0.004237112123519182 31 0.0024567877408117056 35 0.007818464 0.47370000000005685
752 0.0010007203090935946 29 0.0007785065099596977 35 0.017059924 0.47300000000005693
753 0.008777515962719917 35 0.008777515962719917 35 0.043826893 0.472300000000057
754 0.08239459991455078 33 0.08028843998908997 35 2843.1875 0.4716000000000571
755 0.04368321970105171 35 0.04368321970105171 35 0.06759957 0.47090000000005716
756 0.001649783574976027 34 0.00035037961788475513 35 0.0122545995 0.47020000000005724
757 0.09480790793895721 35 0.09480790793895721 35 415.25754 0.4695000000000573
758 0.0021327550057321787 32 0.0004408281820360571 35 0.02060651 0.4688000000000574
759 0.006597808562219143 26 0.0012594510335475206 35 0.026675448 0.46810000000005747
760 0.0029781796038150787 35 0.0029781796038150787 35 0.0064165657 0.46740000000005755
761 0.0063739377073943615 33 0.005498917307704687 35 0.05722695 0.4667000000000576
762 0.0014785839011892676 34 0.0013800424057990313 35 0.00019255382 0.4660000000000577
763 0.0392703153192997 35 0.0392703153192997 35 0.09405293 0.4653000000000578
764 0.004000275395810604 30 0.00158284034114331 35 0.05742339 0.46460000000005786
765 0.0028624781407415867 35 0.0028624781407415867 35 0.026388867 0.46390000000005793
766 0.00540325278416276 35 0.00540325278416276 35 0.0006066383 0.463200000000058
767 0.0004965386469848454 35 0.0004965386469848454 35 0.0032453598 0.4625000000000581
768 0.007138439454138279 35 0.007138439454138279 35 0.02331337 0.46180000000005816
769 0.0016227343585342169 34 0.0005185844493098557 35 0.0019120737 0.46110000000005824
770 0.004273090977221727 35 0.004273090977221727 35 0.001611398 0.4604000000000583
771 0.0009346418082714081 35 0.0009346418082714081 35 0.005780449 0.4597000000000584
772 0.0037526977248489857 34 0.003400825895369053 35 0.03315206 0.4590000000000585
773 0.00013951466826256365 29 6.768064395146212e-06 35 0.0010359953 0.45830000000005855
774 0.006155912298709154 35 0.006155912298709154 35 0.023034701 0.4576000000000586
775 0.0004036688187625259 26 0.0003639714268501848 35 0.001676386 0.4569000000000587
776 0.02747480385005474 29 0.013163896277546883 35 0.42079994 0.4562000000000588
777 0.006729461718350649 35 0.006729461718350649 35 0.015153471 0.45550000000005886
778 0.0007498532067984343 34 0.0006031823577359319 35 0.008929898 0.45480000000005893
779 0.004720573779195547 31 2.733236033236608e-05 35 0.06861542 0.454100000000059
780 0.09545750916004181 35 0.09545750916004181 35 1312.6195 0.4534000000000591
781 0.00016437729937024415 33 0.00015761742542963475 35 0.0029273175 0.45270000000005917
782 0.017188463360071182 29 0.007041354198008776 35 0.14235274 0.45200000000005924
783 0.0018295655027031898 35 0.0018295655027031898 35 0.0012019849 0.4513000000000593
784 0.049889445304870605 27 0.007900579832494259 35 0.38087124 0.4506000000000594
785 0.010912172496318817 28 0.008348901756107807 35 0.10995461 0.4499000000000595
786 0.019578050822019577 35 0.019578050822019577 35 0.042282514 0.44920000000005955
787 0.000939062621910125 33 0.0006879962747916579 35 0.0058735027 0.44850000000005963
788 0.005219392012804747 33 0.004309969488531351 35 0.042671513 0.4478000000000597
789 0.007479504682123661 35 0.007479504682123661 35 0.07209444 0.4471000000000598
790 0.0013453460996970534 35 0.0013453460996970534 35 0.0039540497 0.44640000000005986
791 0.00858534686267376 32 0.007974239066243172 35 0.11056783 0.44570000000005994
792 0.0760674923658371 35 0.0760674923658371 35 0.26034066 0.44500000000006
793 0.034792885184288025 32 0.033986784517765045 35 0.40113547 0.4443000000000601
794 0.003725676331669092 31 0.002687362488359213 35 0.07231471 0.44360000000006017
795 0.014964679256081581 35 0.014964679256081581 35 0.035607927 0.44290000000006025
796 0.0004982257960364223 32 5.319439878803678e-05 35 0.002527494 0.4422000000000603
797 0.01632218435406685 33 0.007093141786754131 35 0.102369994 0.4415000000000604
798 0.013503883965313435 32 0.013167665340006351 35 0.103247255 0.4408000000000605
799 0.0046373577788472176 29 0.003037431975826621 35 0.04465642 0.44010000000006055
800 0.007507591042667627 33 0.007329595275223255 35 0.03524022 0.43940000000006063
801 0.02109813131392002 35 0.02109813131392002 35 0.10088138 0.4387000000000607
802 0.006603999994695187 28 0.0003270356683060527 35 0.05476126 0.4380000000000608
803 0.03111235611140728 35 0.03111235611140728 35 0.116375655 0.43730000000006086
804 0.005242656450718641 25 0.002689812332391739 35 0.06135925 0.43660000000006094
805 0.002093706512823701 35 0.002093706512823701 35 0.008597444 0.435900000000061
806 0.005353054031729698 17 0.0033101895824074745 35 0.12260789 0.4352000000000611
807 0.008544591255486012 28 0.003052449319511652 35 0.04584143 0.43450000000006117
808 0.003070322098210454 31 0.0011966091115027666 35 0.038188454 0.43380000000006125
809 0.0048917983658611774 35 0.0048917983658611774 35 0.029097555 0.4331000000000613
810 0.04936753213405609 27 0.017014693468809128 35 0.44441444 0.4324000000000614
811 0.0016479025362059474 29 0.0003756596415769309 35 0.019930827 0.4317000000000615
812 0.0014754547737538815 25 0.0001687870390014723 35 0.024219748 0.43100000000006156
813 0.001277548959478736 31 0.0009029685170389712 35 0.02875918 0.43030000000006163
814 0.37282994389533997 32 0.28576257824897766 35 2306.411 0.4296000000000617
815 0.018914440646767616 35 0.018914440646767616 35 0.22415909 0.4289000000000618
816 0.003886385587975383 35 0.003886385587975383 35 0.029585313 0.42820000000006186
817 0.030509784817695618 24 0.027566004544496536 35 0.30028227 0.42750000000006194
818 0.0017071882029995322 35 0.0017071882029995322 35 0.007142019 0.426800000000062
819 0.033931002020835876 35 0.033931002020835876 35 0.2164788 0.4261000000000621
820 0.007700487971305847 34 0.005248528905212879 35 0.06988012 0.4254000000000622
821 0.12851668894290924 27 0.017618943005800247 35 2444.6543 0.42470000000006225
822 0.010830092243850231 35 0.010830092243850231 35 0.058138274 0.4240000000000623
823 0.03121335618197918 30 0.031057292595505714 35 0.45268983 0.4233000000000624
824 0.008522825315594673 33 0.0031447960063815117 35 0.055661507 0.4226000000000625
825 0.009624851867556572 33 0.009002670645713806 35 0.109007746 0.42190000000006256
826 0.02053188532590866 35 0.02053188532590866 35 0.059612032 0.42120000000006264
827 0.0075616175308823586 34 0.00712723471224308 35 0.037682787 0.4205000000000627
828 0.026904022321105003 27 0.02394288219511509 35 0.33884326 0.4198000000000628
829 0.00471323961392045 35 0.00471323961392045 35 0.010091775 0.41910000000006287
830 0.0013645015424117446 34 0.0006998172611929476 35 0.005863165 0.41840000000006294
831 0.01070819515734911 35 0.01070819515734911 35 0.034685332 0.417700000000063
832 0.000554828264284879 34 0.0003703476977534592 35 0.004261116 0.4170000000000631
833 0.0221225768327713 35 0.0221225768327713 35 0.055599257 0.4163000000000632
834 0.0022657543886452913 34 0.0016916933236643672 35 0.047559116 0.41560000000006325
835 0.026696430519223213 35 0.026696430519223213 35 0.11773056 0.41490000000006333
836 0.002573060104623437 16 0.0010422025807201862 35 0.011513488 0.4142000000000634
837 0.03545612841844559 35 0.03545612841844559 35 0.13919376 0.4135000000000635
838 0.017327003180980682 35 0.017327003180980682 35 0.048849724 0.41280000000006356
839 0.00301468838006258 35 0.00301468838006258 35 0.012969238 0.41210000000006364
840 0.012737680226564407 29 0.009253363125026226 35 0.044191353 0.4114000000000637
841 0.05326490104198456 35 0.05326490104198456 35 415.42453 0.4107000000000638
842 0.0036653014831244946 35 0.0036653014831244946 35 0.013605144 0.41000000000006387
843 0.0010047045070677996 35 0.0010047045070677996 35 0.0016133755 0.40930000000006395
844 0.0071180276572704315 26 0.005379111040383577 35 0.055699192 0.408600000000064
845 0.0015959137817844748 35 0.0015959137817844748 35 0.008234754 0.4079000000000641
846 0.0027646725066006184 35 0.0027646725066006184 35 0.0073007504 0.4072000000000642
847 0.0010176538489758968 35 0.0010176538489758968 35 0.0057568853 0.40650000000006425
848 0.00022344672470353544 34 0.00021073826064821333 35 0.00057423546 0.40580000000006433
849 0.05997834727168083 35 0.05997834727168083 35 0.0921521 0.4051000000000644
850 0.010613285936415195 35 0.010613285936415195 35 0.09766979 0.4044000000000645
851 0.06031432002782822 33 0.03794126212596893 35 944.6934 0.40370000000006456
852 0.03448236361145973 23 0.022180169820785522 35 0.50250375 0.40300000000006464
853 0.14312252402305603 35 0.14312252402305603 35 415.38535 0.4023000000000647
854 0.03415168076753616 35 0.03415168076753616 35 0.062709674 0.4016000000000648
855 0.03545688837766647 27 0.013049609027802944 35 0.22929569 0.40090000000006487
856 0.0451589934527874 31 0.0445583201944828 35 0.6676376 0.40020000000006495
857 0.010347337462008 25 0.009215252473950386 35 0.08340137 0.399500000000065
858 0.008563296869397163 35 0.008563296869397163 35 0.09115454 0.3988000000000651
859 0.06766729056835175 35 0.06766729056835175 35 852.7294 0.3981000000000652
860 0.014992492273449898 35 0.014992492273449898 35 0.07236063 0.39740000000006526
861 0.034410495311021805 29 0.017470119521021843 35 0.23161948 0.39670000000006533
862 0.03990252688527107 32 0.028765833005309105 35 0.038357116 0.3960000000000654
863 0.011737109161913395 35 0.011737109161913395 35 0.04189291 0.3953000000000655
864 0.014096267521381378 27 0.008833140134811401 35 0.13731392 0.39460000000006556
865 0.19924524426460266 35 0.19924524426460266 35 2817.5376 0.39390000000006564
866 0.025463951751589775 31 0.01839899830520153 35 0.23866506 0.3932000000000657
867 0.05056081712245941 35 0.05056081712245941 35 0.18334818 0.3925000000000658
868 0.41082999110221863 33 0.40500885248184204 35 5273.521 0.3918000000000659
869 0.0069082812406122684 21 0.006385886576026678 35 0.14093533 0.39110000000006595
870 0.16906282305717468 33 0.09793084114789963 35 2306.775 0.390400000000066
871 0.1204628199338913 34 0.11876040697097778 35 0.18209535 0.3897000000000661
872 0.02638539858162403 35 0.02638539858162403 35 0.14083518 0.3890000000000662
873 0.002444860991090536 33 0.002001512562856078 35 0.052839603 0.38830000000006626
874 0.17278166115283966 35 0.17278166115283966 35 1990.9338 0.38760000000006634
875 0.07997561246156693 35 0.07997561246156693 35 0.3015611 0.3869000000000664
876 0.019810272380709648 33 0.012871973216533661 35 0.16256797 0.3862000000000665
877 0.0008962000720202923 35 0.0008962000720202923 35 0.009238302 0.38550000000006657
878 0.0013917916221544147 22 6.541199400089681e-05 35 0.04058742 0.38480000000006664
879 0.3375110924243927 34 0.3261339068412781 35 3587.5547 0.3841000000000667
880 0.01536271907389164 35 0.01536271907389164 35 0.11531512 0.3834000000000668
881 0.005502079147845507 35 0.005502079147845507 35 0.015520724 0.3827000000000669
882 0.0043984451331198215 35 0.0043984451331198215 35 0.02231991 0.38200000000006695
883 0.002233387203887105 32 0.001473103417083621 35 0.0031490554 0.38130000000006703
884 0.051079005002975464 31 0.00785241648554802 35 0.094509974 0.3806000000000671
885 0.05432692542672157 35 0.05432692542672157 35 0.14274044 0.3799000000000672
886 0.00030417932430282235 35 0.00030417932430282235 35 0.0022723624 0.37920000000006726
887 0.004216567147523165 31 0.0028753667138516903 35 0.02110059 0.37850000000006734
888 0.004012216813862324 34 0.003968690522015095 35 0.04293697 0.3778000000000674
889 0.0006859292625449598 35 0.0006859292625449598 35 0.004837067 0.3771000000000675
890 0.0016026089433580637 31 0.0007246102322824299 35 0.014466919 0.37640000000006757
891 0.0017229440854862332 35 0.0017229440854862332 35 0.012465882 0.37570000000006765
892 0.0011344925733283162 35 0.0011344925733283162 35 0.0025160667 0.3750000000000677
893 0.0005645404453389347 35 0.0005645404453389347 35 0.0028390975 0.3743000000000678
894 0.052338194102048874 33 0.048363495618104935 35 0.45394844 0.3736000000000679
895 0.00986006110906601 35 0.00986006110906601 35 0.014179459 0.37290000000006795
896 0.03069043904542923 35 0.03069043904542923 35 0.23880064 0.37220000000006803
897 0.455652117729187 32 0.4211033880710602 35 3055.541 0.3715000000000681
898 0.18299655616283417 35 0.18299655616283417 35 3097.8699 0.3708000000000682
899 0.03756803646683693 35 0.03756803646683693 35 0.52855945 0.37010000000006826
900 0.018653851002454758 23 0.0010423286585137248 35 0.2761754 0.36940000000006834
901 0.033428747206926346 24 0.016309428960084915 35 0.5738825 0.3687000000000684
902 0.12057075649499893 35 0.12057075649499893 35 0.27154842 0.3680000000000685
903 0.4283476173877716 35 0.4283476173877716 35 5614.242 0.36730000000006857
904 0.20888012647628784 27 0.05025976896286011 35 4213.083 0.36660000000006865
905 0.025961698964238167 35 0.025961698964238167 35 0.15867159 0.3659000000000687
906 0.04587698355317116 35 0.04587698355317116 35 0.26774153 0.3652000000000688
907 0.001417224295437336 24 0.00038832324207760394 35 0.024439566 0.3645000000000689
908 0.0039182305335998535 25 0.0015005350578576326 35 0.07224327 0.36380000000006896
909 0.0019596985075622797 31 0.0014770679408684373 35 0.02971186 0.36310000000006903
910 0.004676126874983311 35 0.004676126874983311 35 0.083146036 0.3624000000000691
911 0.023571474477648735 30 0.020398546010255814 35 0.30523047 0.3617000000000692
912 0.033313434571027756 35 0.033313434571027756 35 0.2510612 0.36100000000006927
913 0.025543535128235817 35 0.025543535128235817 35 0.036665488 0.36030000000006934
914 0.2391209751367569 26 0.11469841003417969 35 6360.3345 0.3596000000000694
915 0.00740274740383029 19 0.0008340965723618865 35 0.14003472 0.3589000000000695
916 0.09644517302513123 35 0.09644517302513123 35 3990.1094 0.3582000000000696
917 0.22861163318157196 35 0.22861163318157196 35 0.016668752 0.35750000000006965
918 0.09797394275665283 25 0.012574279680848122 35 2192.2937 0.35680000000006973
919 0.024765098467469215 35 0.024765098467469215 35 0.15104938 0.3561000000000698
920 0.2396840751171112 29 0.04270697757601738 35 6275.2603 0.3554000000000699
921 0.022697554901242256 33 0.009090197272598743 35 0.26133293 0.35470000000006996
922 0.4061410427093506 30 0.3392799198627472 35 7063.902 0.35400000000007004
923 0.12226752191781998 26 0.004547580610960722 35 2981.1606 0.3533000000000701
924 0.013732858002185822 33 0.011091106571257114 35 0.24414492 0.3526000000000702
925 0.0901573896408081 33 0.05047761648893356 35 0.31102732 0.35190000000007027
926 0.018073929473757744 27 0.004555059596896172 35 0.2778003 0.35120000000007034
927 0.15756355226039886 35 0.15756355226039886 35 1312.8412 0.3505000000000704
928 0.06419846415519714 24 0.04212498292326927 35 2223.2974 0.3498000000000705
929 0.6317278146743774 29 0.4151695668697357 35 8581.581 0.3491000000000706
930 0.46714478731155396 31 0.18435314297676086 35 0.55657727 0.34840000000007065
931 0.05795108154416084 35 0.05795108154416084 35 415.45322 0.34770000000007073
932 0.079231396317482 34 0.07784196734428406 35 0.40005857 0.3470000000000708
933 0.087905652821064 35 0.087905652821064 35 0.17467701 0.3463000000000709
934 0.0066508883610367775 31 0.0011816400801762938 35 0.057322312 0.34560000000007096
935 0.0009059819858521223 20 1.6931724530877545e-05 35 0.013268707 0.34490000000007104
936 0.18370266258716583 35 0.18370266258716583 35 1840.1414 0.3442000000000711
937 0.006084207445383072 35 0.006084207445383072 35 0.038176384 0.3435000000000712
938 0.01651351898908615 32 0.007643657270818949 35 0.17474955 0.34280000000007127
939 0.010606909170746803 35 0.010606909170746803 35 0.034503832 0.34210000000007135
940 0.13768956065177917 31 0.016803916543722153 35 2573.1897 0.3414000000000714
941 0.32587510347366333 35 0.32587510347366333 35 3408.1704 0.3407000000000715
942 0.012945655733346939 30 0.007760805543512106 35 0.14576225 0.3400000000000716
943 0.01664336584508419 35 0.01664336584508419 35 0.0984736 0.33930000000007166
944 0.11686564236879349 25 0.0013159520458430052 35 4636.472 0.33860000000007173
945 0.4601707458496094 35 0.4601707458496094 35 3502.0776 0.3379000000000718
946 0.1262388527393341 30 0.057475943118333817 35 1891.8687 0.3372000000000719
947 0.00037803733721375465 34 0.0003639648493845016 35 0.0031274906 0.33650000000007196
948 0.002341484883800149 35 0.002341484883800149 35 0.01348472 0.33580000000007204
949 0.014851856045424938 34 0.014689839445054531 35 0.14468966 0.3351000000000721
950 0.036606404930353165 35 0.036606404930353165 35 0.0946345 0.3344000000000722
951 0.012736465781927109 35 0.012736465781927109 35 0.06415621 0.33370000000007227
952 0.1638849824666977 22 0.05670095235109329 35 5307.1606 0.33300000000007235
953 0.019031638279557228 35 0.019031638279557228 35 0.21143615 0.3323000000000724
954 0.028429608792066574 35 0.028429608792066574 35 0.11742915 0.3316000000000725
955 0.02684236876666546 31 0.019574681296944618 35 0.29693913 0.3309000000000726
956 0.152039036154747 35 0.152039036154747 35 1797.0548 0.33020000000007266
957 0.08937443047761917 35 0.08937443047761917 35 852.6998 0.32950000000007273
958 0.09395968168973923 31 0.08705820143222809 35 437.91708 0.3288000000000728
959 0.038703467696905136 35 0.038703467696905136 35 0.51597416 0.3281000000000729
960 0.005086580291390419 28 0.003284728853031993 35 0.06407754 0.32740000000007297
961 0.03326458856463432 35 0.03326458856463432 35 0.041646276 0.32670000000007304
962 0.2730022966861725 35 0.2730022966861725 35 1381.5581 0.3260000000000731
963 0.007861025631427765 35 0.007861025631427765 35 0.056830898 0.3253000000000732
964 0.010376418940722942 31 0.007979471236467361 35 0.11682303 0.3246000000000733
965 0.18366143107414246 35 0.18366143107414246 35 415.5496 0.32390000000007335
966 0.024533353745937347 35 0.024533353745937347 35 0.35016254 0.32320000000007343
967 0.15505367517471313 35 0.15505367517471313 35 4749.0845 0.3225000000000735
968 0.31809112429618835 35 0.31809112429618835 35 415.9483 0.3218000000000736
969 0.021162591874599457 35 0.021162591874599457 35 0.020068305 0.32110000000007366
970 0.17636820673942566 30 0.14750061929225922 35 5150.82 0.32040000000007374
971 0.01976524293422699 34 0.015250020660459995 35 0.19271272 0.3197000000000738
972 0.018948014825582504 35 0.018948014825582504 35 0.025896711 0.3190000000000739
973 0.02159367874264717 35 0.02159367874264717 35 0.06772515 0.31830000000007397
974 0.138771191239357 35 0.138771191239357 35 1101.8379 0.31760000000007405
975 0.06180723384022713 35 0.06180723384022713 35 0.44297045 0.3169000000000741
976 0.03969418630003929 31 0.026594307273626328 35 0.19407092 0.3162000000000742
977 0.023912303149700165 29 0.01422919798642397 35 0.21092883 0.3155000000000743
978 0.02725682407617569 21 0.002180346753448248 35 0.3987027 0.31480000000007435
979 0.5537740588188171 32 0.2802645266056061 35 1796.768 0.31410000000007443
980 0.16658996045589447 35 0.16658996045589447 35 4002.611 0.3134000000000745
981 0.033984389156103134 31 0.0060543641448020935 35 0.21211727 0.3127000000000746
982 0.06602315604686737 35 0.06602315604686737 35 1312.6556 0.31200000000007466
983 0.7871741056442261 34 0.7593877911567688 35 0.36730033 0.31130000000007474
984 0.4163943827152252 35 0.4163943827152252 35 3674.9446 0.3106000000000748
985 0.5114604234695435 35 0.5114604234695435 35 3408.1816 0.3099000000000749
986 0.18786698579788208 31 0.04290199652314186 35 2040.8185 0.30920000000007497
987 0.628829300403595 35 0.628829300403595 35 4628.392 0.30850000000007505
988 0.8048751354217529 33 0.7832202911376953 35 4732.744 0.3078000000000751
989 0.2688561677932739 23 0.2138003557920456 35 5172.6294 0.3071000000000752
990 0.15558870136737823 35 0.15558870136737823 35 485.07504 0.3064000000000753
991 0.04697743058204651 26 0.014910315163433552 35 0.56621534 0.30570000000007536
992 0.0098861800506711 28 0.006260847672820091 35 0.14753775 0.30500000000007543
993 0.37195611000061035 29 0.01680603250861168 35 5445.124 0.3043000000000755
994 0.06876147538423538 23 0.02044123224914074 35 0.6555688 0.3036000000000756
995 0.37784233689308167 27 0.08685485273599625 35 2206.3103 0.30290000000007566
996 0.03950810059905052 28 0.009751521982252598 35 0.7201958 0.30220000000007574
997 0.4490738809108734 31 0.2006680965423584 35 1046.7286 0.3015000000000758
998 0.0025533775333315134 20 7.723069757048506e-06 35 0.021024223 0.3008000000000759
999 0.025928262621164322 31 0.012380787171423435 35 0.21221846 0.300100000000076
