0 0.0006224254029802978 35 0.0006224254029802978 35 0.0043237037 0.99
1 0.014230109751224518 34 0.00907472800463438 35 0.05848289 0.99
2 0.0031107920221984386 33 0.0019432558910921216 35 0.013959816 0.99
3 0.013177215121686459 35 0.013177215121686459 35 0.018970735 0.99
4 0.00148063525557518 34 0.0013607407454401255 35 0.030081984 0.99
5 0.0005577375995926559 27 0.0005194625700823963 35 0.006287641 0.99
6 1.1149095371365547e-05 17 7.969703801791184e-06 35 0.00024663674 0.99
7 0.04157324880361557 33 0.03298886865377426 35 0.35570005 0.99
8 0.009167621843516827 24 0.0036986940540373325 35 0.08535693 0.99
9 0.0001114210972446017 32 4.4305688788881525e-05 35 0.00048217046 0.99
10 0.01071248296648264 35 0.01071248296648264 35 0.06695002 0.99
11 0.003009904408827424 33 0.002842860296368599 35 0.010591168 0.99
12 0.0019895907025784254 30 5.5925197557371575e-06 35 0.006857501 0.99
13 0.24063348770141602 35 0.24063348770141602 35 1312.8475 0.99
14 0.0006180484197102487 35 0.0006180484197102487 35 0.00455035 0.9896
15 0.0033400077372789383 32 0.0021499418653547764 35 0.03966544 0.9889000000000001
16 0.011750633828341961 33 0.0028279670514166355 35 0.04297703 0.9882000000000002
17 0.0015461249276995659 34 0.0005387869314290583 35 0.0121019045 0.9875000000000003
18 0.00042320441571064293 32 0.00035209133056923747 35 0.0060153077 0.9868000000000003
19 8.707399683771655e-05 25 4.016281309304759e-05 35 0.0009737191 0.9861000000000004
20 0.01055764127522707 35 0.01055764127522707 35 0.01470111 0.9854000000000005
21 0.000186009201570414 24 0.0001484006061218679 35 0.0042507295 0.9847000000000006
22 0.006845372263342142 35 0.006845372263342142 35 0.053928837 0.9840000000000007
23 0.012264056131243706 33 0.011707858182489872 35 0.21022977 0.9833000000000007
24 0.0004503999080043286 35 0.0004503999080043286 35 0.00081665965 0.9826000000000008
25 0.023559344932436943 33 0.0224511306732893 35 0.20845233 0.9819000000000009
26 0.006001763511449099 35 0.006001763511449099 35 0.03747246 0.981200000000001
27 0.0005186750204302371 35 0.0005186750204302371 35 0.0023283279 0.980500000000001
28 0.00021713270689360797 23 0.00014183865278027952 35 0.00189876 0.9798000000000011
29 0.024903420358896255 35 0.024903420358896255 35 0.17281218 0.9791000000000012
30 0.0034745705779641867 23 0.000573442317545414 35 0.06613074 0.9784000000000013
31 0.10327821969985962 35 0.10327821969985962 35 1312.4812 0.9777000000000013
32 0.0027217341121286154 30 0.00023584392329212278 35 0.01900262 0.9770000000000014
33 0.008248877711594105 35 0.008248877711594105 35 0.04334601 0.9763000000000015
34 0.003512858645990491 35 0.003512858645990491 35 0.005821509 0.9756000000000016
35 0.00107002689037472 34 0.0008589063072577119 35 0.0052457773 0.9749000000000017
36 0.0013075083261355758 35 0.0013075083261355758 35 0.002948393 0.9742000000000017
37 0.03261156007647514 33 0.030429206788539886 35 0.2933069 0.9735000000000018
38 0.0074936882592737675 32 0.007424832787364721 35 0.11198404 0.9728000000000019
39 0.0006393246003426611 30 0.0003926781064365059 35 0.008982563 0.972100000000002
40 0.0005956183304078877 35 0.0005956183304078877 35 0.0044313534 0.971400000000002
41 0.00028682517586275935 35 0.00028682517586275935 35 0.0020905233 0.9707000000000021
42 0.0094930874183774 35 0.0094930874183774 35 0.055244066 0.9700000000000022
43 0.017646225169301033 34 0.01719207689166069 35 0.07338689 0.9693000000000023
44 0.0009262414532713592 25 0.0008431134046986699 35 0.00844746 0.9686000000000023
45 0.0018032178049907088 28 0.0007224575965665281 35 0.016447755 0.9679000000000024
46 0.0032877433113753796 35 0.0032877433113753796 35 0.016789962 0.9672000000000025
47 0.0003579369804356247 26 0.0002967941400129348 35 0.0073416 0.9665000000000026
48 0.0003929740050807595 35 0.0003929740050807595 35 0.0015594148 0.9658000000000027
49 0.0036762624513357878 35 0.0036762624513357878 35 0.027989738 0.9651000000000027
50 0.003302056109532714 33 0.003264777362346649 35 0.020700354 0.9644000000000028
51 0.07334974408149719 35 0.07334974408149719 35 415.4156 0.9637000000000029
52 0.0014656558632850647 34 0.0007872665883041918 35 0.0055380547 0.963000000000003
53 0.006256363354623318 35 0.006256363354623318 35 0.04442747 0.962300000000003
54 0.0011772563448175788 29 0.0005925761070102453 35 0.0106767 0.9616000000000031
55 0.011689228005707264 35 0.011689228005707264 35 0.040224567 0.9609000000000032
56 0.00012822831922676414 35 0.00012822831922676414 35 0.00049735827 0.9602000000000033
57 0.0870031788945198 31 0.08129791915416718 35 415.54327 0.9595000000000034
58 0.011851964518427849 35 0.011851964518427849 35 0.05320678 0.9588000000000034
59 0.0011085185687988997 30 0.00017182054580189288 35 0.01204016 0.9581000000000035
60 0.0018383744172751904 34 0.0016360911540687084 35 0.017517582 0.9574000000000036
61 0.006103671155869961 35 0.006103671155869961 35 0.027958332 0.9567000000000037
62 0.0020932345651090145 34 0.0020833152811974287 35 0.014673715 0.9560000000000037
63 0.004615134093910456 32 0.002535069128498435 35 0.034037545 0.9553000000000038
64 0.0032307624351233244 35 0.0032307624351233244 35 0.014377069 0.9546000000000039
65 0.00014253176050260663 35 0.00014253176050260663 35 0.00091237447 0.953900000000004
66 0.08792559057474136 35 0.08792559057474136 35 415.3776 0.953200000000004
67 0.009925593622028828 32 0.008176624774932861 35 0.091665834 0.9525000000000041
68 0.002181455260142684 22 0.00048293956206180155 35 0.041005947 0.9518000000000042
69 0.00022091632126830518 24 9.704732656246051e-05 35 0.0017139239 0.9511000000000043
70 0.000515169114805758 26 0.0001536719355499372 35 0.0060450775 0.9504000000000044
71 0.0008527523023076355 35 0.0008527523023076355 35 0.0037915772 0.9497000000000044
72 0.0015036753611639142 33 0.0013886727392673492 35 0.013419276 0.9490000000000045
73 0.004126440268009901 33 0.003079249057918787 35 0.03874588 0.9483000000000046
74 0.028513683006167412 35 0.028513683006167412 35 0.13166684 0.9476000000000047
75 0.00024874237715266645 19 8.557321416446939e-05 35 0.0038759701 0.9469000000000047
76 0.00034367613261565566 32 0.00011125318997073919 35 0.001588777 0.9462000000000048
77 0.0013806617353111506 31 0.0011963013093918562 35 0.01965274 0.9455000000000049
78 0.01963682286441326 35 0.01963682286441326 35 0.10669872 0.944800000000005
79 0.0009738067747093737 35 0.0009738067747093737 35 0.0037427847 0.944100000000005
80 0.0013462959323078394 34 0.0008799238712526858 35 0.0064105187 0.9434000000000051
81 0.017389297485351562 30 0.0076753608882427216 35 0.13881968 0.9427000000000052
82 0.00027975018019787967 25 0.00010186727740801871 35 0.0035965722 0.9420000000000053
83 0.008564267307519913 35 0.008564267307519913 35 0.042001028 0.9413000000000054
84 0.0009385528392158449 35 0.0009385528392158449 35 0.008853653 0.9406000000000054
85 0.00770450197160244 31 0.0022818567231297493 35 0.08146196 0.9399000000000055
86 0.0035723496694117785 33 0.0019508254481479526 35 0.010375786 0.9392000000000056
87 0.00025303143775090575 23 0.00021703173115383834 35 0.0013074891 0.9385000000000057
88 0.024782663211226463 35 0.024782663211226463 35 0.14702821 0.9378000000000057
89 0.0015722988173365593 33 0.0011642700992524624 35 0.0210278 0.9371000000000058
90 0.010676336474716663 34 0.010584264993667603 35 0.1314677 0.9364000000000059
91 0.003330937121063471 35 0.003330937121063471 35 0.019486219 0.935700000000006
92 0.0009873537346720695 24 0.0007305562612600625 35 0.014122805 0.935000000000006
93 0.020863467827439308 35 0.020863467827439308 35 0.057757005 0.9343000000000061
94 0.03314130753278732 35 0.03314130753278732 35 0.22315405 0.9336000000000062
95 0.006285385228693485 35 0.006285385228693485 35 0.024411757 0.9329000000000063
96 0.09064963459968567 35 0.09064963459968567 35 0.39295405 0.9322000000000064
97 0.0013852018164470792 35 0.0013852018164470792 35 0.012352293 0.9315000000000064
98 0.002546977950260043 32 0.002214828971773386 35 0.013711115 0.9308000000000065
99 0.006421811878681183 35 0.006421811878681183 35 0.03518349 0.9301000000000066
100 0.0001455691526643932 35 0.0001455691526643932 35 0.000988357 0.9294000000000067
101 0.00761224702000618 35 0.00761224702000618 35 0.053291157 0.9287000000000067
102 0.014049561694264412 35 0.014049561694264412 35 0.09985042 0.9280000000000068
103 0.006272859405726194 35 0.006272859405726194 35 0.018372044 0.9273000000000069
104 0.026430755853652954 35 0.026430755853652954 35 0.097726874 0.926600000000007
105 0.0024128181394189596 35 0.0024128181394189596 35 0.0020477865 0.925900000000007
106 0.015325896441936493 33 0.01527155190706253 35 0.061259486 0.9252000000000071
107 0.0032194480299949646 33 0.0030800511594861746 35 0.0069512594 0.9245000000000072
108 0.0013988366117700934 32 0.0007339624571613967 35 0.014192093 0.9238000000000073
109 0.02470795437693596 35 0.02470795437693596 35 0.21309653 0.9231000000000074
110 0.008973619900643826 35 0.008973619900643826 35 0.097572915 0.9224000000000074
111 0.0011011547176167369 35 0.0011011547176167369 35 0.0034714423 0.9217000000000075
112 0.007503986824303865 35 0.007503986824303865 35 0.009613618 0.9210000000000076
113 0.02614578604698181 35 0.02614578604698181 35 0.025533106 0.9203000000000077
114 0.0013129973085597157 35 0.0013129973085597157 35 0.0016281421 0.9196000000000077
115 0.001513236784376204 30 0.0004775773559231311 35 0.0071934136 0.9189000000000078
116 0.000594748358707875 27 0.0003212429874110967 35 0.016617658 0.9182000000000079
117 0.0007825307548046112 25 0.0007607619045302272 35 0.010719789 0.917500000000008
118 0.0023741289041936398 35 0.0023741289041936398 35 0.026338777 0.916800000000008
119 0.00027495500398799777 32 4.928585440211464e-06 35 0.0021849703 0.9161000000000081
120 0.0039082602597773075 35 0.0039082602597773075 35 0.023196543 0.9154000000000082
121 0.0443866029381752 35 0.0443866029381752 35 0.06923795 0.9147000000000083
122 0.022558758035302162 35 0.022558758035302162 35 0.05805833 0.9140000000000084
123 0.0050033158622682095 34 0.002982121892273426 35 0.015944906 0.9133000000000084
124 0.005482139065861702 26 0.003682089038193226 35 0.07938621 0.9126000000000085
125 0.001819747150875628 34 0.001542455516755581 35 0.021284536 0.9119000000000086
126 0.00048227328807115555 31 8.85798508534208e-05 35 0.0036510783 0.9112000000000087
127 0.00564575893804431 35 0.00564575893804431 35 0.01960012 0.9105000000000087
128 0.0008097809040918946 34 0.000705214508343488 35 0.0104599595 0.9098000000000088
129 0.0005002949619665742 29 9.513736586086452e-05 35 0.0045326166 0.9091000000000089
130 0.0006127706728875637 35 0.0006127706728875637 35 0.0019576221 0.908400000000009
131 0.00034798472188413143 35 0.00034798472188413143 35 0.0012975512 0.907700000000009
132 0.018583789467811584 34 0.01853887550532818 35 0.09279317 0.9070000000000091
133 0.004456405993551016 35 0.004456405993551016 35 0.011413652 0.9063000000000092
134 0.0015954592963680625 34 0.0009811207419261336 35 0.006180023 0.9056000000000093
135 0.0016578251961618662 30 0.001431574346497655 35 0.019414088 0.9049000000000094
136 0.0285443477332592 35 0.0285443477332592 35 0.09178798 0.9042000000000094
137 0.006723414175212383 26 0.0007172019104473293 35 0.06023861 0.9035000000000095
138 0.016084566712379456 32 0.010564262047410011 35 0.15178467 0.9028000000000096
139 0.02686646208167076 35 0.02686646208167076 35 0.14223689 0.9021000000000097
140 0.0004924067761749029 34 0.0004339557490311563 35 0.0029796008 0.9014000000000097
141 0.002468916354700923 33 0.0022244988940656185 35 0.016902635 0.9007000000000098
142 0.011144260875880718 34 0.005443839821964502 35 0.063328624 0.9000000000000099
143 0.0005540386191569269 29 0.00013653721543960273 35 0.0038627984 0.89930000000001
144 0.003537822747603059 33 0.002697965130209923 35 0.045483418 0.8986000000000101
145 0.003236924298107624 35 0.003236924298107624 35 0.024505012 0.8979000000000101
146 0.004109537228941917 35 0.004109537228941917 35 0.049226396 0.8972000000000102
147 0.0004071307193953544 23 7.023513171589002e-05 35 0.0050923913 0.8965000000000103
148 0.00010125015978701413 35 0.00010125015978701413 35 0.0013069104 0.8958000000000104
149 0.0009496730053797364 34 0.0009270762675441802 35 0.005064492 0.8951000000000104
150 0.001556391827762127 34 0.0014473020564764738 35 0.014234414 0.8944000000000105
151 0.0018454644596204162 35 0.0018454644596204162 35 0.024321433 0.8937000000000106
152 0.001309561775997281 33 0.0012303763069212437 35 0.00825162 0.8930000000000107
153 0.00023470482847187668 24 3.2094321795739233e-05 35 0.005746409 0.8923000000000108
154 0.07288271188735962 35 0.07288271188735962 35 0.052860238 0.8916000000000108
155 0.026047684252262115 35 0.026047684252262115 35 0.024578964 0.8909000000000109
156 0.001678113592788577 33 0.0014818942872807384 35 0.016901556 0.890200000000011
157 0.017166387289762497 34 0.01674654893577099 35 0.051440038 0.8895000000000111
158 0.0015575602883473039 35 0.0015575602883473039 35 0.0053181904 0.8888000000000111
159 0.00964525155723095 35 0.00964525155723095 35 0.053896166 0.8881000000000112
160 0.007047746796160936 30 0.000481872062664479 35 0.11055229 0.8874000000000113
161 0.0014414639445021749 35 0.0014414639445021749 35 0.0051153563 0.8867000000000114
162 0.12324980646371841 34 0.11935713142156601 35 2556.025 0.8860000000000114
163 0.0007680619019083679 23 0.0007141753449104726 35 0.009986385 0.8853000000000115
164 0.0018437865655869246 32 0.0009858575649559498 35 0.017776651 0.8846000000000116
165 0.0012971379328519106 35 0.0012971379328519106 35 0.0044448636 0.8839000000000117
166 0.0011020003585144877 35 0.0011020003585144877 35 0.006124871 0.8832000000000118
167 0.0021260110661387444 27 0.0009923613397404552 35 0.010159454 0.8825000000000118
168 0.24324527382850647 33 0.18235881626605988 35 4628.4517 0.8818000000000119
169 0.00019119540229439735 31 0.00018347801233176142 35 0.0026365828 0.881100000000012
170 0.0035620592534542084 35 0.0035620592534542084 35 0.04669736 0.8804000000000121
171 0.00129517144523561 27 0.0002245015202788636 35 0.01802184 0.8797000000000121
172 0.026421409100294113 35 0.026421409100294113 35 0.19687356 0.8790000000000122
173 0.0025711411144584417 31 0.0024549937807023525 35 0.012180418 0.8783000000000123
174 0.0009010070352815092 35 0.0009010070352815092 35 0.0023127946 0.8776000000000124
175 0.005954296328127384 29 0.003352837171405554 35 0.0675185 0.8769000000000124
176 0.06069526448845863 35 0.06069526448845863 35 0.15864608 0.8762000000000125
177 0.017257466912269592 35 0.017257466912269592 35 0.05072882 0.8755000000000126
178 0.0015830742195248604 32 0.0006759011303074658 35 0.002630667 0.8748000000000127
179 0.0016593239270150661 28 0.0014944225549697876 35 0.01854575 0.8741000000000128
180 0.000329759408487007 33 0.00023707744549028575 35 0.0015095007 0.8734000000000128
181 0.010667787864804268 35 0.010667787864804268 35 0.08136447 0.8727000000000129
182 0.0038366736844182014 35 0.0038366736844182014 35 0.0039450354 0.872000000000013
183 0.004826347343623638 33 0.0032158654648810625 35 0.01884634 0.8713000000000131
184 0.0010671111522242427 27 0.0003943966585211456 35 0.011633321 0.8706000000000131
185 0.00905515905469656 35 0.00905515905469656 35 0.03534884 0.8699000000000132
186 0.0015152704436331987 29 0.0012384573929011822 35 0.011677968 0.8692000000000133
187 0.003991733305156231 35 0.003991733305156231 35 0.016325777 0.8685000000000134
188 0.0005241634789854288 28 0.00011859267397085205 35 0.0031943934 0.8678000000000134
189 0.003932345192879438 35 0.003932345192879438 35 0.038417026 0.8671000000000135
190 0.006215231493115425 35 0.006215231493115425 35 0.009319696 0.8664000000000136
191 0.0149052944034338 34 0.014841158874332905 35 0.14199421 0.8657000000000137
192 0.0006402444560080767 30 0.0005766775575466454 35 0.006853864 0.8650000000000138
193 0.0027308829594403505 24 0.0004656299133785069 35 0.03215864 0.8643000000000138
194 0.0030087206978350878 35 0.0030087206978350878 35 0.047165565 0.8636000000000139
195 0.004845962859690189 29 0.0036638614255934954 35 0.042718668 0.862900000000014
196 0.014058757573366165 35 0.014058757573366165 35 0.066301346 0.8622000000000141
197 0.0007808058289811015 33 0.0006300557288341224 35 0.0033556917 0.8615000000000141
198 0.002586372895166278 35 0.002586372895166278 35 0.005378028 0.8608000000000142
199 0.0007964243413880467 35 0.0007964243413880467 35 0.003487947 0.8601000000000143
200 0.003097779816016555 35 0.003097779816016555 35 0.010893566 0.8594000000000144
201 0.00299947545863688 35 0.00299947545863688 35 0.008104908 0.8587000000000145
202 0.006201552227139473 35 0.006201552227139473 35 0.016204402 0.8580000000000145
203 0.0030939807184040546 28 0.002975686453282833 35 0.037203003 0.8573000000000146
204 0.004758781753480434 29 0.00025793007807806134 35 0.038798142 0.8566000000000147
205 0.0015525680501013994 29 0.0005032262997701764 35 0.01570444 0.8559000000000148
206 0.0008035312639549375 28 0.00030207636882551014 35 0.0041640364 0.8552000000000148
207 0.0013887319946661592 35 0.0013887319946661592 35 0.0015442974 0.8545000000000149
208 0.00038095793570391834 35 0.00038095793570391834 35 0.0010373192 0.853800000000015
209 0.00048016602522693574 24 0.0004596281214617193 35 0.0060594226 0.8531000000000151
210 0.007562671322375536 34 0.0074883499182760715 35 0.0020570967 0.8524000000000151
211 0.004203666467219591 34 0.004126196261495352 35 0.04121544 0.8517000000000152
212 0.0028986423276364803 33 0.0019494578009471297 35 0.025303984 0.8510000000000153
213 0.0023060601670295 30 0.00044612004421651363 35 0.04114643 0.8503000000000154
214 0.0008371043368242681 34 0.0007739160791970789 35 0.0073441477 0.8496000000000155
215 0.004059207160025835 33 0.0040578036569058895 35 0.021104312 0.8489000000000155
216 0.0012138985330238938 25 0.0008754341979511082 35 0.014998508 0.8482000000000156
217 0.015567900612950325 35 0.015567900612950325 35 0.075789385 0.8475000000000157
218 0.0010852075647562742 28 0.00044051199802197516 35 0.008258062 0.8468000000000158
219 0.008314555510878563 35 0.008314555510878563 35 0.028510062 0.8461000000000158
220 0.01644783280789852 31 0.015452633611857891 35 0.1558981 0.8454000000000159
221 0.010695775970816612 30 0.0034614347387105227 35 0.15490529 0.844700000000016
222 0.0011965440353378654 31 6.736759678460658e-05 35 0.011619977 0.8440000000000161
223 0.001944701187312603 33 0.0004774238041136414 35 0.009977826 0.8433000000000161
224 0.020302893593907356 30 0.015269678086042404 35 0.23764881 0.8426000000000162
225 0.061987921595573425 28 0.04301632195711136 35 626.9322 0.8419000000000163
226 0.0002546247560530901 29 0.0001849023683462292 35 0.0019492653 0.8412000000000164
227 0.0002033752971328795 35 0.0002033752971328795 35 0.00094061357 0.8405000000000165
228 0.00119783915579319 31 0.0009068276849575341 35 0.008451504 0.8398000000000165
229 0.03865606710314751 35 0.03865606710314751 35 0.29239404 0.8391000000000166
230 0.012202052399516106 31 0.01139052677899599 35 0.14638123 0.8384000000000167
231 0.0024649775587022305 35 0.0024649775587022305 35 0.021090886 0.8377000000000168
232 0.0003043630567844957 35 0.0003043630567844957 35 0.00041104038 0.8370000000000168
233 0.0013067336985841393 30 3.674713661894202e-05 35 0.013968061 0.8363000000000169
234 0.04134286567568779 35 0.04134286567568779 35 0.46565136 0.835600000000017
235 0.0010479988995939493 35 0.0010479988995939493 35 0.0068569807 0.8349000000000171
236 0.034892044961452484 35 0.034892044961452484 35 0.12469944 0.8342000000000172
237 0.026266170665621758 35 0.026266170665621758 35 0.035892434 0.8335000000000172
238 0.0014920380199328065 34 0.0014851914020255208 35 0.010563399 0.8328000000000173
239 0.00253257411532104 35 0.00253257411532104 35 0.005210114 0.8321000000000174
240 0.0070884996093809605 35 0.0070884996093809605 35 0.024715835 0.8314000000000175
241 0.007975838147103786 27 0.0037319930270314217 35 0.0485029 0.8307000000000175
242 0.020047729834914207 33 0.01943390443921089 35 0.09418889 0.8300000000000176
243 0.002124616876244545 31 0.0007316069095395505 35 0.020426765 0.8293000000000177
244 0.0031745859887450933 35 0.0031745859887450933 35 0.012586911 0.8286000000000178
245 0.00838538073003292 34 0.00821353867650032 35 0.07954673 0.8279000000000178
246 0.0002159792056772858 25 7.815156277501956e-05 35 0.0023017058 0.8272000000000179
247 0.003551485948264599 35 0.003551485948264599 35 0.027978813 0.826500000000018
248 0.00047199285472743213 22 5.473684723256156e-06 35 0.0060014217 0.8258000000000181
249 0.01847616769373417 34 0.018061669543385506 35 0.011751572 0.8251000000000182
250 0.0015381999546661973 35 0.0015381999546661973 35 0.0019961249 0.8244000000000182
251 0.0070760673843324184 35 0.0070760673843324184 35 0.031960007 0.8237000000000183
252 0.001492690178565681 28 0.0012430129572749138 35 0.02297151 0.8230000000000184
253 0.0036300739739090204 35 0.0036300739739090204 35 0.013965663 0.8223000000000185
254 0.027220802381634712 31 0.01075857412070036 35 0.3566008 0.8216000000000185
255 0.03886694461107254 35 0.03886694461107254 35 0.098805815 0.8209000000000186
256 0.0005600307486020029 33 0.0005565356696024537 35 0.00644469 0.8202000000000187
257 0.04785502701997757 35 0.04785502701997757 35 0.2335443 0.8195000000000188
258 0.001022949698381126 34 0.0008842109236866236 35 0.01265298 0.8188000000000188
259 0.052008673548698425 35 0.052008673548698425 35 0.42621085 0.8181000000000189
260 0.00191333401016891 35 0.00191333401016891 35 0.009402825 0.817400000000019
261 0.0032135366927832365 35 0.0032135366927832365 35 0.013474621 0.8167000000000191
262 0.02124548703432083 33 0.02018088847398758 35 0.16122231 0.8160000000000192
263 0.0009017205447889864 35 0.0009017205447889864 35 0.004979895 0.8153000000000192
264 0.000795813393779099 29 0.0007354693370871246 35 0.008084791 0.8146000000000193
265 0.011953259818255901 31 0.00019858845917042345 35 0.14090957 0.8139000000000194
266 0.012584301643073559 35 0.012584301643073559 35 0.08745683 0.8132000000000195
267 0.00042307720286771655 26 0.00022678420646116138 35 0.0068940837 0.8125000000000195
268 0.010282180272042751 35 0.010282180272042751 35 0.02055752 0.8118000000000196
269 0.0006347842863760889 33 0.00032923324033617973 35 0.0046056034 0.8111000000000197
270 0.0022755952086299658 35 0.0022755952086299658 35 0.01473608 0.8104000000000198
271 0.0023806935641914606 28 0.00039903668221086264 35 0.022052798 0.8097000000000198
272 0.04299011826515198 31 0.0002461180556565523 35 0.4212398 0.8090000000000199
273 0.003746927250176668 35 0.003746927250176668 35 0.036648944 0.80830000000002
274 0.0012033011298626661 35 0.0012033011298626661 35 0.0067944312 0.8076000000000201
275 0.001901521347463131 35 0.001901521347463131 35 0.005860666 0.8069000000000202
276 0.0015823196154087782 35 0.0015823196154087782 35 0.017700914 0.8062000000000202
277 0.010418670251965523 33 0.005213199183344841 35 0.1339987 0.8055000000000203
278 0.0005848754080943763 33 0.0005004675476811826 35 0.004568619 0.8048000000000204
279 0.027145469561219215 35 0.027145469561219215 35 0.15741464 0.8041000000000205
280 0.001591676496900618 35 0.001591676496900618 35 0.0040514152 0.8034000000000205
281 5.530669295694679e-05 23 4.435218215803616e-05 35 0.00050002226 0.8027000000000206
282 0.00019909943512175232 28 0.00018778914818540215 35 0.0005744258 0.8020000000000207
283 0.0018510626396164298 25 0.00016296171816065907 35 0.0156146325 0.8013000000000208
284 0.053360868245363235 35 0.053360868245363235 35 1312.4331 0.8006000000000209
285 0.002693962072953582 34 0.0017527121817693114 35 0.0110370405 0.7999000000000209
286 0.02637803740799427 34 0.025539694353938103 35 0.24157225 0.799200000000021
287 0.004477439448237419 30 0.0020334224682301283 35 0.086994536 0.7985000000000211
288 0.03342616558074951 33 0.03088691085577011 35 0.31921965 0.7978000000000212
289 0.0004131126042921096 33 0.0003791582421399653 35 0.0033498188 0.7971000000000212
290 0.05231783166527748 31 0.046140674501657486 35 0.21922949 0.7964000000000213
291 0.0012080660089850426 32 0.000817720138002187 35 0.0115118055 0.7957000000000214
292 0.0623047761619091 35 0.0623047761619091 35 0.28631046 0.7950000000000215
293 0.00622757151722908 35 0.00622757151722908 35 0.06304862 0.7943000000000215
294 0.021184131503105164 31 0.004923304542899132 35 0.10571242 0.7936000000000216
295 0.007795982528477907 35 0.007795982528477907 35 0.0104175415 0.7929000000000217
296 0.0035028820857405663 32 0.001782406703568995 35 0.05068359 0.7922000000000218
297 0.011389460414648056 26 0.005773077718913555 35 0.21179351 0.7915000000000219
298 0.004991449415683746 35 0.004991449415683746 35 0.01305691 0.7908000000000219
299 0.001017930218949914 35 0.001017930218949914 35 0.01033471 0.790100000000022
300 0.001880682772025466 34 0.001421386026777327 35 0.0026446122 0.7894000000000221
301 0.0005592694506049156 32 0.00027696520555764437 35 0.0025935923 0.7887000000000222
302 0.001483049476519227 30 0.001413256162777543 35 0.028504094 0.7880000000000222
303 0.002610835013911128 35 0.002610835013911128 35 0.044213053 0.7873000000000223
304 0.0003306519938632846 35 0.0003306519938632846 35 0.001351303 0.7866000000000224
305 0.0060637169517576694 27 0.003979407250881195 35 0.08121471 0.7859000000000225
306 0.002823393326252699 35 0.002823393326252699 35 0.016448302 0.7852000000000225
307 0.0007913931622169912 35 0.0007913931622169912 35 0.0014232636 0.7845000000000226
308 0.015646066516637802 35 0.015646066516637802 35 0.067828864 0.7838000000000227
309 0.040260374546051025 35 0.040260374546051025 35 0.29522368 0.7831000000000228
310 0.012271955609321594 35 0.012271955609321594 35 0.08957702 0.7824000000000229
311 0.006709786131978035 35 0.006709786131978035 35 0.01365407 0.7817000000000229
312 0.010194615460932255 35 0.010194615460932255 35 0.19749728 0.781000000000023
313 0.0012168436078354716 25 0.0010963501408696175 35 0.016241033 0.7803000000000231
314 0.011337878182530403 35 0.011337878182530403 35 0.03538239 0.7796000000000232
315 0.00012595322914421558 31 0.00011237664148211479 35 0.00087632897 0.7789000000000232
316 0.00226034689694643 32 0.0006165039958432317 35 0.0068690856 0.7782000000000233
317 0.007786863017827272 28 0.003580442862585187 35 0.027734112 0.7775000000000234
318 0.006002805195748806 34 0.005896242335438728 35 0.03681227 0.7768000000000235
319 0.01418186817318201 35 0.01418186817318201 35 0.21028832 0.7761000000000235
320 0.006267871242016554 35 0.006267871242016554 35 0.052227575 0.7754000000000236
321 0.02448197454214096 27 0.016143353655934334 35 0.32590386 0.7747000000000237
322 4.220682239974849e-05 23 1.647550925554242e-05 35 0.00031951838 0.7740000000000238
323 0.0069947452284395695 26 0.005131118930876255 35 0.09325707 0.7733000000000239
324 4.7024896048242226e-05 31 3.2193667721003294e-05 35 0.00063772884 0.7726000000000239
325 0.0010179250966757536 35 0.0010179250966757536 35 0.004167571 0.771900000000024
326 0.005375710316002369 35 0.005375710316002369 35 0.014525144 0.7712000000000241
327 0.0050251660868525505 31 0.0034008603543043137 35 0.06025208 0.7705000000000242
328 0.0022408384829759598 35 0.0022408384829759598 35 0.011976806 0.7698000000000242
329 0.002628456801176071 25 0.0016264909645542502 35 0.05361139 0.7691000000000243
330 0.0008924160501919687 35 0.0008924160501919687 35 0.0026810863 0.7684000000000244
331 0.02438792586326599 34 0.023881584405899048 35 0.2282279 0.7677000000000245
332 0.004242414142936468 31 0.0012915772385895252 35 0.0764419 0.7670000000000246
333 0.00669194757938385 35 0.00669194757938385 35 0.05238244 0.7663000000000246
334 0.004100389778614044 35 0.004100389778614044 35 0.040073983 0.7656000000000247
335 0.0007265222957357764 35 0.0007265222957357764 35 0.0072227656 0.7649000000000248
336 0.001281858654692769 35 0.001281858654692769 35 0.017831387 0.7642000000000249
337 0.0034003215841948986 35 0.0034003215841948986 35 0.054496426 0.7635000000000249
338 0.003234728705137968 35 0.003234728705137968 35 0.010427533 0.762800000000025
339 0.006636842153966427 35 0.006636842153966427 35 0.010186737 0.7621000000000251
340 0.0002382775128353387 31 1.8291757442057133e-05 35 0.0015230416 0.7614000000000252
341 0.013136861845850945 35 0.013136861845850945 35 0.15969363 0.7607000000000252
342 0.052919596433639526 35 0.052919596433639526 35 415.3522 0.7600000000000253
343 0.049785636365413666 35 0.049785636365413666 35 0.52600074 0.7593000000000254
344 0.0018962365575134754 32 0.00026974029606208205 35 0.013335274 0.7586000000000255
345 0.001264407066628337 35 0.001264407066628337 35 0.0055042687 0.7579000000000256
346 0.0026786327362060547 34 0.002561874222010374 35 0.008503828 0.7572000000000256
347 0.0332033708691597 35 0.0332033708691597 35 0.11132458 0.7565000000000257
348 0.0340363010764122 35 0.0340363010764122 35 0.0712699 0.7558000000000258
349 1.9740464267670177e-05 25 8.407548193645198e-06 35 0.00014941368 0.7551000000000259
350 0.00028411176754161716 35 0.00028411176754161716 35 0.0024839817 0.7544000000000259
351 0.0141371451318264 35 0.0141371451318264 35 0.04346072 0.753700000000026
352 0.0024792607873678207 35 0.0024792607873678207 35 0.025373455 0.7530000000000261
353 0.004106237553060055 33 0.0038020324427634478 35 0.03303093 0.7523000000000262
354 0.004950433969497681 30 0.0036672798451036215 35 0.06615781 0.7516000000000262
355 0.0012163205537945032 34 0.001063816947862506 35 0.0015140239 0.7509000000000263
356 0.0001787296059774235 35 0.0001787296059774235 35 0.00096718676 0.7502000000000264
357 0.0014614014653488994 32 0.0013352587120607495 35 0.008781175 0.7495000000000265
358 0.00900611374527216 33 0.008686376735568047 35 0.11536853 0.7488000000000266
359 0.0028364958707243204 35 0.0028364958707243204 35 0.0064350707 0.7481000000000266
360 0.00015675707254558802 23 2.2429730961448513e-05 35 0.00057386764 0.7474000000000267
361 0.08420129120349884 35 0.08420129120349884 35 0.43410072 0.7467000000000268
362 0.0006133151473477483 25 2.1289979486027732e-05 35 0.01125583 0.7460000000000269
363 0.03572647646069527 35 0.03572647646069527 35 0.050075877 0.7453000000000269
364 0.0005738588515669107 34 0.0005548079498112202 35 0.005487776 0.744600000000027
365 0.0010468035470694304 35 0.0010468035470694304 35 0.0045318166 0.7439000000000271
366 0.01386046502739191 35 0.01386046502739191 35 0.05304458 0.7432000000000272
367 0.0007772503304295242 27 0.00032501030364073813 35 0.0061653764 0.7425000000000272
368 0.0030702119693160057 35 0.0030702119693160057 35 0.019459752 0.7418000000000273
369 0.0019944433588534594 35 0.0019944433588534594 35 0.03213061 0.7411000000000274
370 0.01329772174358368 34 0.012858563102781773 35 0.081248306 0.7404000000000275
371 0.0009706761920824647 28 0.0005674864514730871 35 0.008838654 0.7397000000000276
372 0.0020927567966282368 29 0.0008847292046993971 35 0.017253246 0.7390000000000276
373 0.002339476952329278 26 0.002151456428691745 35 0.03330054 0.7383000000000277
374 0.0036799046210944653 32 0.0018244464881718159 35 0.041109424 0.7376000000000278
375 0.0017323483480140567 29 0.0010321959853172302 35 0.02849187 0.7369000000000279
376 0.03883200138807297 35 0.03883200138807297 35 0.14396864 0.7362000000000279
377 0.043182373046875 35 0.043182373046875 35 0.04654871 0.735500000000028
378 0.0010628142626956105 32 0.0008263385389000177 35 0.0017973951 0.7348000000000281
379 0.010561966337263584 32 0.008460556156933308 35 0.041314155 0.7341000000000282
380 0.0003473596880212426 34 0.0003034142137039453 35 0.0016362555 0.7334000000000283
381 0.0012466758489608765 35 0.0012466758489608765 35 0.004889682 0.7327000000000283
382 0.0001497406483395025 33 8.342303772224113e-05 35 0.0011415803 0.7320000000000284
383 0.008353646844625473 35 0.008353646844625473 35 0.021182125 0.7313000000000285
384 0.02195573039352894 35 0.02195573039352894 35 0.054946456 0.7306000000000286
385 0.00031302639399655163 30 0.0001420391199644655 35 0.0025139647 0.7299000000000286
386 0.00016642444825265557 34 0.00016562665405217558 35 0.0022432194 0.7292000000000287
387 0.0015910268994048238 31 0.0007892303401604295 35 0.03003131 0.7285000000000288
388 0.0007429737015627325 34 0.0006941162282600999 35 0.006211072 0.7278000000000289
389 0.00016888239770196378 35 0.00016888239770196378 35 0.0019479807 0.727100000000029
390 0.0001947769633261487 29 0.00013695495727006346 35 0.000354313 0.726400000000029
391 0.00159605429507792 35 0.00159605429507792 35 0.0056565395 0.7257000000000291
392 0.024195561185479164 35 0.024195561185479164 35 0.0474224 0.7250000000000292
393 0.004602756351232529 35 0.004602756351232529 35 0.048592232 0.7243000000000293
394 0.01961671933531761 27 0.005552881397306919 35 0.24318787 0.7236000000000293
395 0.006398198194801807 35 0.006398198194801807 35 0.084486805 0.7229000000000294
396 0.00020506455621216446 34 0.00018664261733647436 35 0.0010661525 0.7222000000000295
397 6.299251253949478e-05 33 4.4078751670895144e-05 35 0.001069469 0.7215000000000296
398 0.004378543701022863 34 0.004366486798971891 35 0.0033229394 0.7208000000000296
399 0.004299836233258247 35 0.004299836233258247 35 0.023575736 0.7201000000000297
400 0.04993873089551926 35 0.04993873089551926 35 0.07526244 0.7194000000000298
401 0.01843637228012085 33 0.011883941479027271 35 0.053860586 0.7187000000000299
402 0.0067298696376383305 35 0.0067298696376383305 35 0.007270229 0.71800000000003
403 0.005703015252947807 33 0.005286163184791803 35 0.06765062 0.71730000000003
404 0.059568095952272415 35 0.059568095952272415 35 437.43875 0.7166000000000301
405 0.0655142292380333 29 0.006938433740288019 35 0.6733919 0.7159000000000302
406 0.002294820034876466 35 0.002294820034876466 35 0.005626818 0.7152000000000303
407 0.3484123945236206 35 0.3484123945236206 35 1796.7767 0.7145000000000303
408 0.02086172252893448 35 0.02086172252893448 35 0.3037891 0.7138000000000304
409 0.0039026460144668818 26 0.0010267483303323388 35 0.0023859662 0.7131000000000305
410 0.006449981592595577 21 0.00018339930102229118 35 0.13010557 0.7124000000000306
411 0.006793956272304058 32 0.006697950419038534 35 0.092011616 0.7117000000000306
412 0.00037613490712828934 31 0.0002866167633328587 35 0.0014543703 0.7110000000000307
413 0.002395892282947898 35 0.002395892282947898 35 0.00903584 0.7103000000000308
414 0.00199995213188231 32 0.0007955879555083811 35 0.016914641 0.7096000000000309
415 0.016543898731470108 23 0.013518012128770351 35 0.3086505 0.708900000000031
416 0.13377752900123596 30 0.08518404513597488 35 1101.9381 0.708200000000031
417 0.0012829613406211138 34 0.0011437817011028528 35 0.009878273 0.7075000000000311
418 0.0005890895263291895 35 0.0005890895263291895 35 0.006144707 0.7068000000000312
419 0.0006869682110846043 35 0.0006869682110846043 35 0.0017542373 0.7061000000000313
420 0.0063763814978301525 33 0.005861578043550253 35 0.101555504 0.7054000000000313
421 0.009090926498174667 35 0.009090926498174667 35 0.06805968 0.7047000000000314
422 0.03469708934426308 34 0.03453567251563072 35 0.08814718 0.7040000000000315
423 0.00011583162267925218 28 2.46098297793651e-05 35 0.001658965 0.7033000000000316
424 0.006812013685703278 31 0.006607915740460157 35 0.018673293 0.7026000000000316
425 0.00042185053462162614 34 0.00034581543877720833 35 0.0016845544 0.7019000000000317
426 0.0020245853811502457 35 0.0020245853811502457 35 0.008615562 0.7012000000000318
427 0.00019895391596946865 29 6.266393756959587e-05 35 0.0011563463 0.7005000000000319
428 0.00020568407489918172 35 0.00020568407489918172 35 0.0028610274 0.699800000000032
429 0.0072420514188706875 35 0.0072420514188706875 35 0.12567675 0.699100000000032
430 0.0008904601563699543 28 0.0007192909251898527 35 0.015916279 0.6984000000000321
431 0.006869785021990538 35 0.006869785021990538 35 0.069317535 0.6977000000000322
432 0.0026456592604517937 27 8.217606227844954e-05 35 0.02125001 0.6970000000000323
433 0.0006424473249353468 28 0.00013377856521401554 35 0.0057437043 0.6963000000000323
434 8.266916120192036e-05 35 8.266916120192036e-05 35 0.0018060377 0.6956000000000324
435 0.008768046274781227 35 0.008768046274781227 35 0.031531923 0.6949000000000325
436 0.014714052900671959 30 0.004992453381419182 35 0.17350365 0.6942000000000326
437 0.000778711517341435 34 0.0007337089045904577 35 0.0058740983 0.6935000000000326
438 0.009907422587275505 28 0.003506998298689723 35 0.06456596 0.6928000000000327
439 0.007871195673942566 29 0.0038312787655740976 35 0.08838782 0.6921000000000328
440 0.033469345420598984 35 0.033469345420598984 35 0.167052 0.6914000000000329
441 0.0013741912553086877 34 0.0012446303153410554 35 0.00600633 0.690700000000033
442 0.003957095090299845 35 0.003957095090299845 35 0.0209559 0.690000000000033
443 0.02678830921649933 34 0.025400301441550255 35 0.20627764 0.6893000000000331
444 0.011275877244770527 35 0.011275877244770527 35 0.06296535 0.6886000000000332
445 0.03619198873639107 35 0.03619198873639107 35 0.09397658 0.6879000000000333
446 0.012927343137562275 30 0.002271274570375681 35 0.048304047 0.6872000000000333
447 0.027128009125590324 33 0.016716288402676582 35 0.16481206 0.6865000000000334
448 0.0048106578178703785 33 0.002068300498649478 35 0.021366104 0.6858000000000335
449 0.07047122716903687 35 0.07047122716903687 35 0.5119673 0.6851000000000336
450 0.0029371269047260284 31 0.0011754048755392432 35 0.04434781 0.6844000000000336
451 0.0003765895089600235 25 0.00016672324272803962 35 0.00411723 0.6837000000000337
452 0.0017124530859291553 28 0.0008872934267856181 35 0.018072912 0.6830000000000338
453 0.00043884725891985 28 0.0001680551649769768 35 0.0039763884 0.6823000000000339
454 0.035820599645376205 35 0.035820599645376205 35 0.27631676 0.681600000000034
455 0.07022708654403687 33 0.06551631540060043 35 437.46225 0.680900000000034
456 0.05877065286040306 33 0.04983215406537056 35 0.10397162 0.6802000000000341
457 0.061244964599609375 35 0.061244964599609375 35 0.104488745 0.6795000000000342
458 0.0019485097145661712 34 0.0019015640718862414 35 0.035346568 0.6788000000000343
459 0.0015704998513683677 32 0.0012269540457054973 35 0.023615634 0.6781000000000343
460 0.006672207731753588 35 0.006672207731753588 35 0.018772122 0.6774000000000344
461 0.032117269933223724 35 0.032117269933223724 35 0.21060926 0.6767000000000345
462 0.001754980650730431 31 4.438248652149923e-05 35 0.017525656 0.6760000000000346
463 0.004150479566305876 33 0.0021839404944330454 35 0.029949337 0.6753000000000347
464 0.0014859209768474102 23 0.000446174293756485 35 0.031496655 0.6746000000000347
465 0.02270713448524475 35 0.02270713448524475 35 0.013440831 0.6739000000000348
466 0.017374025657773018 30 0.012621588073670864 35 0.2940785 0.6732000000000349
467 0.003050224855542183 35 0.003050224855542183 35 0.02985844 0.672500000000035
468 0.014169197529554367 30 0.010747692547738552 35 0.08835741 0.671800000000035
469 0.026395350694656372 34 0.025829298421740532 35 0.2660907 0.6711000000000351
470 0.006020231172442436 35 0.006020231172442436 35 0.042614065 0.6704000000000352
471 0.002917822916060686 34 0.002706321654841304 35 0.023614855 0.6697000000000353
472 0.0014489107998088002 32 0.0007655378431081772 35 0.007073971 0.6690000000000353
473 0.004760757554322481 35 0.004760757554322481 35 0.012570834 0.6683000000000354
474 0.01737827993929386 28 0.00757616525515914 35 0.09877255 0.6676000000000355
475 0.13928043842315674 26 0.04148426279425621 35 510.22745 0.6669000000000356
476 0.001686920877546072 25 0.0007852414855733514 35 0.033472672 0.6662000000000357
477 0.013173614628612995 28 0.01003751065582037 35 0.2580597 0.6655000000000357
478 0.0005803190288133919 35 0.0005803190288133919 35 0.0066688415 0.6648000000000358
479 0.003366307122632861 33 0.0014488791348412633 35 0.009364316 0.6641000000000359
480 0.0027019595727324486 33 0.002442261204123497 35 0.05326649 0.663400000000036
481 0.0010893155122175813 34 0.0008503361605107784 35 0.007831957 0.662700000000036
482 0.13476884365081787 34 0.13357479870319366 35 2690.3699 0.6620000000000361
483 0.001033877138979733 35 0.001033877138979733 35 0.0070735356 0.6613000000000362
484 0.06934729963541031 35 0.06934729963541031 35 415.53552 0.6606000000000363
485 0.04994858428835869 35 0.04994858428835869 35 0.43642414 0.6599000000000363
486 0.02348722703754902 34 0.023468276485800743 35 0.1450369 0.6592000000000364
487 0.005085509270429611 35 0.005085509270429611 35 0.013641005 0.6585000000000365
488 0.009357869625091553 30 0.003912327811121941 35 0.06969865 0.6578000000000366
489 0.01471321377903223 32 0.006552787031978369 35 0.12304978 0.6571000000000367
490 0.014188705012202263 35 0.014188705012202263 35 0.33132017 0.6564000000000367
491 0.00016191597387660295 20 5.106281241751276e-05 35 0.0036771812 0.6557000000000368
492 0.01905335858464241 35 0.01905335858464241 35 0.049839795 0.6550000000000369
493 0.02090143971145153 35 0.02090143971145153 35 0.03341744 0.654300000000037
494 0.0038077454082667828 35 0.0038077454082667828 35 0.016392903 0.653600000000037
495 0.00239613582380116 35 0.00239613582380116 35 0.017622234 0.6529000000000371
496 0.1506650298833847 35 0.1506650298833847 35 1869.4539 0.6522000000000372
497 0.007430096622556448 30 0.004986438900232315 35 0.12367433 0.6515000000000373
498 0.008862319402396679 30 0.0032353501301258802 35 0.040169906 0.6508000000000373
499 0.001494521158747375 26 0.0007187281153164804 35 0.02079714 0.6501000000000374
500 0.0006278332439251244 29 0.0006139623583294451 35 0.00838656 0.6494000000000375
501 0.0013539125211536884 30 0.001266174833290279 35 0.0070894696 0.6487000000000376
502 0.0003936538123525679 25 0.0003720388631336391 35 0.0051281345 0.6480000000000377
503 0.0173372570425272 35 0.0173372570425272 35 0.04306 0.6473000000000377
504 0.050639595836400986 29 0.010102308355271816 35 0.56011504 0.6466000000000378
505 0.0058370064944028854 35 0.0058370064944028854 35 0.05265928 0.6459000000000379
506 0.0013521250803023577 35 0.0013521250803023577 35 0.0059454474 0.645200000000038
507 0.12068872898817062 32 0.0559476800262928 35 1796.7065 0.644500000000038
508 0.0014480081154033542 32 0.00012581307964865118 35 0.007295356 0.6438000000000381
509 0.04695219174027443 31 0.029622243717312813 35 0.4584067 0.6431000000000382
510 0.03957580402493477 35 0.03957580402493477 35 0.09422964 0.6424000000000383
511 0.005233620293438435 35 0.005233620293438435 35 0.10854509 0.6417000000000384
512 0.008897894062101841 35 0.008897894062101841 35 0.019106803 0.6410000000000384
513 0.029909983277320862 35 0.029909983277320862 35 0.1079565 0.6403000000000385
514 0.006864488124847412 35 0.006864488124847412 35 0.021356419 0.6396000000000386
515 0.04293658584356308 34 0.03545130416750908 35 0.09547545 0.6389000000000387
516 0.0011906353756785393 34 0.0005792558658868074 35 0.0053719976 0.6382000000000387
517 0.023489195853471756 35 0.023489195853471756 35 0.0705296 0.6375000000000388
518 0.34059271216392517 34 0.3404044806957245 35 4831.561 0.6368000000000389
519 0.020551353693008423 34 0.01946013793349266 35 0.12721494 0.636100000000039
520 0.00856825616210699 30 0.0034631143789738417 35 0.10549457 0.635400000000039
521 0.0076772007159888744 35 0.0076772007159888744 35 0.031644136 0.6347000000000391
522 0.042364489287137985 35 0.042364489287137985 35 0.061888136 0.6340000000000392
523 0.032083310186862946 29 0.018366185948252678 35 0.57651395 0.6333000000000393
524 0.04660315811634064 31 0.04501057043671608 35 0.4851316 0.6326000000000394
525 0.017568187788128853 35 0.017568187788128853 35 0.18877716 0.6319000000000394
526 0.0023147035390138626 35 0.0023147035390138626 35 0.031038653 0.6312000000000395
527 0.00186637369915843 35 0.00186637369915843 35 0.008569221 0.6305000000000396
528 0.004866313189268112 33 0.003177843289449811 35 0.028138628 0.6298000000000397
529 0.00705505907535553 35 0.00705505907535553 35 0.030551082 0.6291000000000397
530 0.0006422796286642551 19 0.0003927668440155685 35 0.020351881 0.6284000000000398
531 0.001607219805009663 34 0.0005465994472615421 35 0.0053962716 0.6277000000000399
532 0.047358304262161255 35 0.047358304262161255 35 0.3192125 0.62700000000004
533 0.0027765417471528053 35 0.0027765417471528053 35 0.0113682505 0.62630000000004
534 0.009672990068793297 35 0.009672990068793297 35 0.10686252 0.6256000000000401
535 0.0032162675634026527 35 0.0032162675634026527 35 0.020293416 0.6249000000000402
536 0.00365814077667892 35 0.00365814077667892 35 0.016101789 0.6242000000000403
537 0.015812547877430916 35 0.015812547877430916 35 0.044346076 0.6235000000000404
538 0.0013100202195346355 27 0.00021356235083658248 35 0.00921486 0.6228000000000404
539 0.0314364954829216 35 0.0314364954829216 35 0.3610663 0.6221000000000405
540 0.020468134433031082 32 0.01832243613898754 35 0.16395622 0.6214000000000406
541 0.04490092024207115 28 0.004385822452604771 35 1.0580074 0.6207000000000407
542 0.0007674384978599846 35 0.0007674384978599846 35 0.0071235835 0.6200000000000407
543 0.01801491715013981 25 0.016293682157993317 35 0.20370454 0.6193000000000408
544 0.11718568205833435 28 0.055575285106897354 35 4184.635 0.6186000000000409
545 0.00857855286449194 35 0.00857855286449194 35 0.06616451 0.617900000000041
546 0.01690096966922283 31 0.007232989650219679 35 0.16876908 0.617200000000041
547 0.04324302077293396 33 0.031099898740649223 35 0.45365474 0.6165000000000411
548 0.027165640145540237 35 0.027165640145540237 35 0.2987688 0.6158000000000412
549 0.03573058545589447 35 0.03573058545589447 35 0.46522874 0.6151000000000413
550 0.00021066982299089432 30 3.933122206944972e-05 35 0.0013125835 0.6144000000000414
551 0.0011834731558337808 35 0.0011834731558337808 35 0.0040216614 0.6137000000000414
552 0.012242074124515057 32 0.00408194912597537 35 0.101107106 0.6130000000000415
553 0.0004685163148678839 32 0.00012573596904985607 35 0.0018300931 0.6123000000000416
554 0.04010415077209473 35 0.04010415077209473 35 0.10573694 0.6116000000000417
555 0.00807102583348751 35 0.00807102583348751 35 0.011049887 0.6109000000000417
556 0.0005371888400986791 33 0.0004683401493821293 35 0.0029416112 0.6102000000000418
557 0.0636923536658287 35 0.0636923536658287 35 437.29062 0.6095000000000419
558 0.001746488967910409 35 0.001746488967910409 35 0.02152747 0.608800000000042
559 0.00266991532407701 35 0.00266991532407701 35 0.008559942 0.608100000000042
560 0.040828365832567215 35 0.040828365832567215 35 0.017179817 0.6074000000000421
561 0.0036833561025559902 35 0.0036833561025559902 35 0.03666244 0.6067000000000422
562 0.04129109904170036 33 0.031165769323706627 35 0.26707128 0.6060000000000423
563 0.005049475468695164 28 0.00035530407330952585 35 0.04384359 0.6053000000000424
564 0.009689913131296635 35 0.009689913131296635 35 0.039010935 0.6046000000000424
565 0.008204803802073002 35 0.008204803802073002 35 0.060004167 0.6039000000000425
566 0.017587337642908096 33 0.005984386429190636 35 0.08375094 0.6032000000000426
567 0.005859156139194965 32 0.002092724433168769 35 0.04457808 0.6025000000000427
568 0.01189814880490303 35 0.01189814880490303 35 0.102127746 0.6018000000000427
569 0.022398684173822403 27 0.018474316224455833 35 0.096596435 0.6011000000000428
570 0.000995925161987543 35 0.000995925161987543 35 0.0048544537 0.6004000000000429
571 0.007578158751130104 24 0.0059561352245509624 35 0.106556915 0.599700000000043
572 0.006152099929749966 34 0.006080804392695427 35 0.039689004 0.599000000000043
573 0.006004295777529478 35 0.006004295777529478 35 0.007708181 0.5983000000000431
574 0.016776232048869133 28 0.009798167273402214 35 0.2856107 0.5976000000000432
575 0.2404014617204666 29 0.2253442406654358 35 4700.8154 0.5969000000000433
576 0.024150310084223747 27 0.01991211250424385 35 0.5013945 0.5962000000000434
577 0.02495522052049637 35 0.02495522052049637 35 0.11185628 0.5955000000000434
578 0.004116009455174208 22 0.0011673641856759787 35 0.04785924 0.5948000000000435
579 0.004013778176158667 35 0.004013778176158667 35 0.016325861 0.5941000000000436
580 0.019900774583220482 29 0.009705176576972008 35 0.24179216 0.5934000000000437
581 0.011854295618832111 27 0.003550791647285223 35 0.14900139 0.5927000000000437
582 0.003273991635069251 35 0.003273991635069251 35 0.03458685 0.5920000000000438
583 0.02809034287929535 35 0.02809034287929535 35 0.20297158 0.5913000000000439
584 0.00952973309904337 25 0.007107856217771769 35 0.10069722 0.590600000000044
585 0.016316281631588936 34 0.016025692224502563 35 0.31098068 0.5899000000000441
586 0.022494539618492126 31 0.013244083151221275 35 0.19970483 0.5892000000000441
587 0.0682365745306015 35 0.0682365745306015 35 415.44666 0.5885000000000442
588 0.00022023225028533489 29 1.2081058230251074e-05 35 0.0019049837 0.5878000000000443
589 0.06942407041788101 35 0.06942407041788101 35 415.3703 0.5871000000000444
590 0.0006721037207171321 34 0.0003514367563184351 35 0.0021711811 0.5864000000000444
591 0.0001511943992227316 21 4.823467679671012e-05 35 0.0023151855 0.5857000000000445
592 0.002103788312524557 29 0.001622720155864954 35 0.008547956 0.5850000000000446
593 0.034965839236974716 35 0.034965839236974716 35 0.10825631 0.5843000000000447
594 0.13647089898586273 35 0.13647089898586273 35 0.1848855 0.5836000000000447
595 0.00021729532454628497 31 9.185599083139095e-06 35 0.0019856086 0.5829000000000448
596 0.001257223542779684 34 0.0011974001536145806 35 0.011510618 0.5822000000000449
597 0.005392620339989662 29 0.003213469637557864 35 0.06439608 0.581500000000045
598 0.13950398564338684 35 0.13950398564338684 35 2597.4185 0.5808000000000451
599 0.02115163952112198 33 0.018235880881547928 35 0.14646697 0.5801000000000451
600 0.012098199687898159 35 0.012098199687898159 35 0.029875321 0.5794000000000452
601 0.02579035982489586 33 0.005719559732824564 35 0.095549926 0.5787000000000453
602 0.023478133603930473 35 0.023478133603930473 35 0.19024482 0.5780000000000454
603 0.0012748256558552384 35 0.0012748256558552384 35 0.013507228 0.5773000000000454
604 0.033541176468133926 35 0.033541176468133926 35 0.24724352 0.5766000000000455
605 0.033354174345731735 35 0.033354174345731735 35 0.103741154 0.5759000000000456
606 0.018715225160121918 35 0.018715225160121918 35 0.009810821 0.5752000000000457
607 0.01676841266453266 35 0.01676841266453266 35 0.08566584 0.5745000000000458
608 0.09830411523580551 35 0.09830411523580551 35 0.3303661 0.5738000000000458
609 0.01564098335802555 34 0.014045041054487228 35 0.04200084 0.5731000000000459
610 0.003611772321164608 33 0.0017143089789897203 35 0.060020342 0.572400000000046
611 0.013261770829558372 35 0.013261770829558372 35 0.015187742 0.5717000000000461
612 0.02341713197529316 35 0.02341713197529316 35 0.1483312 0.5710000000000461
613 0.1919107437133789 35 0.1919107437133789 35 1891.3099 0.5703000000000462
614 0.046933095902204514 35 0.046933095902204514 35 0.21106131 0.5696000000000463
615 0.11718890070915222 31 0.10317513346672058 35 1907.4337 0.5689000000000464
616 0.0020836489275097847 30 0.0019222561968490481 35 0.020480169 0.5682000000000464
617 0.005297420546412468 35 0.005297420546412468 35 0.005562112 0.5675000000000465
618 0.0006202130462042987 28 0.0003780998813454062 35 0.006206652 0.5668000000000466
619 0.028512373566627502 35 0.028512373566627502 35 0.07446065 0.5661000000000467
620 0.0036108701024204493 35 0.0036108701024204493 35 0.026434222 0.5654000000000468
621 0.025554237887263298 33 0.025390952825546265 35 0.2024173 0.5647000000000468
622 0.0015793867642059922 31 0.000201439528609626 35 0.018505134 0.5640000000000469
623 0.0064229946583509445 35 0.0064229946583509445 35 0.056895338 0.563300000000047
624 0.01579759083688259 35 0.01579759083688259 35 0.21610525 0.5626000000000471
625 0.11420844495296478 35 0.11420844495296478 35 852.37274 0.5619000000000471
626 0.008770984597504139 32 0.0030641115736216307 35 0.039621733 0.5612000000000472
627 0.008737011812627316 33 0.008684317581355572 35 0.055907734 0.5605000000000473
628 0.17610444128513336 35 0.17610444128513336 35 0.045181528 0.5598000000000474
629 0.01289987564086914 35 0.01289987564086914 35 0.06474181 0.5591000000000474
630 0.0065850866958498955 24 0.002684339415282011 35 0.09479876 0.5584000000000475
631 0.0027784949634224176 28 0.00015573068230878562 35 0.027835421 0.5577000000000476
632 0.0021337976213544607 34 0.0016401017783209682 35 0.011165795 0.5570000000000477
633 0.02321922779083252 35 0.02321922779083252 35 0.065138415 0.5563000000000478
634 0.2309747338294983 35 0.2309747338294983 35 1312.345 0.5556000000000478
635 0.1716451197862625 35 0.1716451197862625 35 1796.9044 0.5549000000000479
636 0.052577100694179535 35 0.052577100694179535 35 0.19704357 0.554200000000048
637 0.001610694220289588 35 0.001610694220289588 35 0.015174458 0.5535000000000481
638 0.006398604717105627 35 0.006398604717105627 35 0.054426305 0.5528000000000481
639 0.030235985293984413 35 0.030235985293984413 35 0.10667713 0.5521000000000482
640 0.025303328409790993 35 0.025303328409790993 35 0.31937006 0.5514000000000483
641 0.00016119421343319118 35 0.00016119421343319118 35 0.00061316777 0.5507000000000484
642 0.0008801136864349246 35 0.0008801136864349246 35 0.0027136065 0.5500000000000485
643 0.3327260911464691 35 0.3327260911464691 35 0.3975261 0.5493000000000485
644 0.023785004392266273 35 0.023785004392266273 35 0.013962795 0.5486000000000486
645 0.01501039694994688 35 0.01501039694994688 35 0.054127414 0.5479000000000487
646 0.008849377743899822 30 4.1244547901442274e-06 35 0.066765666 0.5472000000000488
647 0.013981050811707973 35 0.013981050811707973 35 0.03204537 0.5465000000000488
648 0.013771922327578068 35 0.013771922327578068 35 0.049587477 0.5458000000000489
649 0.0019009619718417525 35 0.0019009619718417525 35 0.007167343 0.545100000000049
650 0.0037890165112912655 35 0.0037890165112912655 35 0.017648647 0.5444000000000491
651 0.00037490707472898066 32 9.386110468767583e-05 35 0.002321671 0.5437000000000491
652 0.0009110902901738882 32 0.0007707444601692259 35 0.0062313667 0.5430000000000492
653 0.005262658931314945 35 0.005262658931314945 35 0.023526564 0.5423000000000493
654 0.0005545978783629835 33 0.0003528434317559004 35 0.0041639255 0.5416000000000494
655 0.0007549691945314407 35 0.0007549691945314407 35 0.008084672 0.5409000000000495
656 0.0052270242013037205 30 0.0021039715502411127 35 0.06313406 0.5402000000000495
657 0.0002805253316182643 32 0.00014883307449053973 35 0.0010777053 0.5395000000000496
658 0.0047314343973994255 35 0.0047314343973994255 35 0.03312191 0.5388000000000497
659 0.000688250525854528 35 0.000688250525854528 35 0.0006002284 0.5381000000000498
660 0.008606540970504284 35 0.008606540970504284 35 0.01712874 0.5374000000000498
661 0.0023799878545105457 34 0.002122249687090516 35 0.021281723 0.5367000000000499
662 0.003744551446288824 34 0.0037132371217012405 35 0.018291485 0.53600000000005
663 0.0009345802827738225 33 0.0002624286280479282 35 0.005329936 0.5353000000000501
664 0.07436265796422958 33 0.06729773432016373 35 4435.0396 0.5346000000000501
665 0.2129920870065689 35 0.2129920870065689 35 1312.5359 0.5339000000000502
666 0.0005667486693710089 33 0.00028549894341267645 35 0.0017539562 0.5332000000000503
667 0.0016594930784776807 35 0.0016594930784776807 35 0.006492159 0.5325000000000504
668 0.011590215377509594 35 0.011590215377509594 35 0.047324818 0.5318000000000505
669 0.15422117710113525 31 0.1068740040063858 35 852.6103 0.5311000000000505
670 0.022803498432040215 35 0.022803498432040215 35 0.020762552 0.5304000000000506
671 0.01916559226810932 35 0.01916559226810932 35 0.14774132 0.5297000000000507
672 0.0654158815741539 35 0.0654158815741539 35 0.44570455 0.5290000000000508
673 0.007789578288793564 35 0.007789578288793564 35 0.0791075 0.5283000000000508
674 0.003541478654369712 35 0.003541478654369712 35 0.028980203 0.5276000000000509
675 0.014721703715622425 20 0.004687294363975525 35 0.22789943 0.526900000000051
676 0.05283733829855919 35 0.05283733829855919 35 0.19612005 0.5262000000000511
677 0.00416417233645916 35 0.00416417233645916 35 0.011954701 0.5255000000000511
678 0.0017282539047300816 33 0.0015964156482368708 35 0.023708448 0.5248000000000512
679 0.003867978462949395 35 0.003867978462949395 35 0.031669598 0.5241000000000513
680 0.03211817145347595 35 0.03211817145347595 35 0.08020122 0.5234000000000514
681 0.03805223107337952 35 0.03805223107337952 35 0.30421016 0.5227000000000515
682 0.008726624771952629 35 0.008726624771952629 35 0.08318462 0.5220000000000515
683 0.0034592696465551853 35 0.0034592696465551853 35 0.026228443 0.5213000000000516
684 0.01300603337585926 23 0.006480325013399124 35 0.10913069 0.5206000000000517
685 0.0004641804553102702 33 0.00041729569784365594 35 0.006078433 0.5199000000000518
686 0.004111399874091148 35 0.004111399874091148 35 0.0017295952 0.5192000000000518
687 0.0003967635566368699 31 0.00016608821169938892 35 0.0032488182 0.5185000000000519
688 0.39811012148857117 34 0.39032119512557983 35 4213.3086 0.517800000000052
689 0.07587689161300659 35 0.07587689161300659 35 0.31048545 0.5171000000000521
690 0.009966818615794182 35 0.009966818615794182 35 0.09280738 0.5164000000000522
691 0.05335157364606857 35 0.05335157364606857 35 415.5409 0.5157000000000522
692 0.009300033561885357 35 0.009300033561885357 35 0.108594224 0.5150000000000523
693 0.07765213400125504 35 0.07765213400125504 35 0.14895988 0.5143000000000524
694 0.056258026510477066 29 0.009069313295185566 35 0.4485509 0.5136000000000525
695 0.0011545408051460981 35 0.0011545408051460981 35 0.0064539933 0.5129000000000525
696 0.0005739979678764939 28 0.0002479992981534451 35 0.0050994433 0.5122000000000526
697 0.0009520172025077045 30 0.0007712332298979163 35 0.0047916276 0.5115000000000527
698 0.0030358375515788794 35 0.0030358375515788794 35 0.0018521561 0.5108000000000528
699 0.012603044509887695 35 0.012603044509887695 35 0.07431647 0.5101000000000528
700 0.015517185442149639 35 0.015517185442149639 35 0.14602846 0.5094000000000529
701 0.1780363917350769 35 0.1780363917350769 35 2843.0898 0.508700000000053
702 0.040843747556209564 27 0.010629034601151943 35 0.5059476 0.5080000000000531
703 0.08311143517494202 27 0.06435553729534149 35 0.5571896 0.5073000000000532
704 0.05797583982348442 33 0.027142126113176346 35 0.10644674 0.5066000000000532
705 0.0536268949508667 30 0.04956112056970596 35 0.34424955 0.5059000000000533
706 0.048427365720272064 35 0.048427365720272064 35 0.13876493 0.5052000000000534
707 0.0282300878316164 31 0.006006252020597458 35 0.12824367 0.5045000000000535
708 0.09390577673912048 35 0.09390577673912048 35 415.74393 0.5038000000000535
709 0.18055324256420135 31 0.11758416891098022 35 2306.691 0.5031000000000536
710 0.27618780732154846 31 0.19493147730827332 35 6975.7217 0.5024000000000537
711 0.1490565687417984 35 0.1490565687417984 35 0.4086485 0.5017000000000538
712 0.01626436971127987 35 0.01626436971127987 35 0.25998354 0.5010000000000538
713 0.02067083679139614 24 0.01686130464076996 35 0.33155042 0.5003000000000539
714 0.035431575030088425 35 0.035431575030088425 35 0.08651987 0.499600000000054
715 0.010364203713834286 34 0.009976998902857304 35 0.070975795 0.4989000000000541
716 0.11024558544158936 35 0.11024558544158936 35 0.07051527 0.49820000000005416
717 0.003933910746127367 23 0.0009438073029741645 35 0.039951146 0.49750000000005423
718 0.03275420889258385 33 0.02634304203093052 35 0.2463343 0.4968000000000543
719 0.04632466286420822 35 0.04632466286420822 35 0.212576 0.4961000000000544
720 0.2391710877418518 31 0.17899978160858154 35 2971.0369 0.49540000000005446
721 0.0067746322602033615 33 0.0026046298444271088 35 0.04986288 0.49470000000005454
722 0.04019785672426224 29 0.01810324192047119 35 0.40980756 0.4940000000000546
723 0.0808485597372055 26 0.036924272775650024 35 694.39685 0.4933000000000547
724 0.04246431216597557 25 0.008293547667562962 35 0.45509544 0.49260000000005477
725 0.02858942560851574 29 0.010556820780038834 35 0.4039025 0.49190000000005485
726 0.012524689547717571 35 0.012524689547717571 35 0.09628268 0.4912000000000549
727 0.0191592276096344 22 0.0031470656394958496 35 0.13271978 0.490500000000055
728 0.19972865283489227 35 0.19972865283489227 35 415.35645 0.4898000000000551
729 0.080825574696064 29 0.07724764943122864 35 3408.0085 0.48910000000005516
730 0.3901675343513489 35 0.3901675343513489 35 2306.6868 0.48840000000005523
731 0.06946990638971329 33 0.045707687735557556 35 460.6235 0.4877000000000553
732 0.12314924597740173 33 0.11581683158874512 35 2843.2036 0.4870000000000554
733 0.001929750549606979 31 0.00034086144296452403 35 0.030339487 0.48630000000005547
734 0.4868316948413849 35 0.4868316948413849 35 2472.4111 0.48560000000005554
735 0.29045698046684265 34 0.2833983898162842 35 693.8722 0.4849000000000556
736 0.0043767476454377174 33 0.003139208536595106 35 0.015072409 0.4842000000000557
737 0.011070486158132553 35 0.011070486158132553 35 0.07191002 0.4835000000000558
738 0.05928083136677742 35 0.05928083136677742 35 415.40552 0.48280000000005585
739 0.022567294538021088 34 0.021074380725622177 35 0.32594338 0.48210000000005593
740 0.013665614649653435 33 0.011546473950147629 35 0.048252787 0.481400000000056
741 0.0057796635664999485 35 0.0057796635664999485 35 0.020319648 0.4807000000000561
742 0.0020484430715441704 35 0.0020484430715441704 35 0.0046911812 0.48000000000005616
743 0.0021764549892395735 25 0.00020537841191980988 35 0.0140526835 0.47930000000005624
744 0.03660031780600548 27 0.011028268374502659 35 0.36562765 0.4786000000000563
745 0.05562378093600273 33 0.039394065737724304 35 0.12323297 0.4779000000000564
746 0.006518093403428793 35 0.006518093403428793 35 0.018688506 0.47720000000005647
747 0.13888834416866302 35 0.13888834416866302 35 1796.7795 0.47650000000005654
748 0.34679701924324036 35 0.34679701924324036 35 0.4608346 0.4758000000000566
749 0.017418084666132927 34 0.012193317525088787 35 0.027612373 0.4751000000000567
750 0.031289972364902496 33 0.018121570348739624 35 0.045134492 0.4744000000000568
751 0.007464553229510784 35 0.007464553229510784 35 0.035429157 0.47370000000005685
752 0.004991808440536261 35 0.004991808440536261 35 0.003503911 0.47300000000005693
753 0.015762198716402054 32 0.003152215853333473 35 0.18213835 0.472300000000057
754 0.09934881329536438 35 0.09934881329536438 35 1797.2324 0.4716000000000571
755 0.0019339366117492318 35 0.0019339366117492318 35 0.007414138 0.47090000000005716
756 0.0035966758150607347 30 0.0008414493640884757 35 0.03821164 0.47020000000005724
757 0.0187959223985672 33 0.010639778338372707 35 0.060195576 0.4695000000000573
758 0.0023954196367412806 22 0.0009179212502203882 35 0.018426014 0.4688000000000574
759 0.009386557154357433 35 0.009386557154357433 35 0.04410289 0.46810000000005747
760 0.1981830596923828 35 0.1981830596923828 35 4511.219 0.46740000000005755
761 0.01316826231777668 26 0.005138893611729145 35 0.19423921 0.4667000000000576
762 0.003065174911171198 26 0.0006856551044620574 35 0.033216067 0.4660000000000577
763 0.02553313411772251 32 0.015437387861311436 35 0.17602095 0.4653000000000578
764 0.0013585000997409225 35 0.0013585000997409225 35 0.00939198 0.46460000000005786
765 0.007835732772946358 35 0.007835732772946358 35 0.03785601 0.46390000000005793
766 0.024997903034090996 27 0.01250614132732153 35 0.41201037 0.463200000000058
767 0.0011841767700389028 35 0.0011841767700389028 35 0.005848928 0.4625000000000581
768 0.005290498025715351 35 0.005290498025715351 35 0.023286073 0.46180000000005816
769 0.020381828770041466 35 0.020381828770041466 35 0.058030516 0.46110000000005824
770 0.01083590742200613 34 0.009865447878837585 35 0.09924154 0.4604000000000583
771 0.04290929064154625 35 0.04290929064154625 35 0.3135845 0.4597000000000584
772 0.008207262493669987 29 0.0040988740511238575 35 0.073577344 0.4590000000000585
773 0.002133619738742709 35 0.002133619738742709 35 0.015748048 0.45830000000005855
774 0.00014114986697677523 35 0.00014114986697677523 35 0.0018785642 0.4576000000000586
775 0.029866628348827362 33 0.02547474205493927 35 0.11062772 0.4569000000000587
776 0.021940158680081367 35 0.021940158680081367 35 0.10417386 0.4562000000000588
777 0.018053904175758362 35 0.018053904175758362 35 0.069387875 0.45550000000005886
778 0.0023943581618368626 27 0.0008402034873142838 35 0.0430376 0.45480000000005893
779 0.34349921345710754 35 0.34349921345710754 35 4002.5369 0.454100000000059
780 0.002150718355551362 34 0.0020563045982271433 35 0.017541962 0.4534000000000591
781 0.10462191700935364 35 0.10462191700935364 35 0.39954573 0.45270000000005917
782 0.3241049349308014 32 0.24236494302749634 35 3407.8723 0.45200000000005924
783 0.0007221937412396073 35 0.0007221937412396073 35 0.004730469 0.4513000000000593
784 0.005680109839886427 35 0.005680109839886427 35 0.058709085 0.4506000000000594
785 0.011629882268607616 35 0.011629882268607616 35 0.009072107 0.4499000000000595
786 0.025128060951828957 35 0.025128060951828957 35 0.01666313 0.44920000000005955
787 0.2177901715040207 31 0.15778487920761108 35 3582.2908 0.44850000000005963
788 0.0023534814827144146 27 0.002310319570824504 35 0.019445755 0.4478000000000597
789 0.14201925694942474 35 0.14201925694942474 35 0.37846598 0.4471000000000598
790 0.0015639417106285691 30 0.0008150573121383786 35 0.02824059 0.44640000000005986
791 0.03126987814903259 29 0.015370017848908901 35 0.8598733 0.44570000000005994
792 0.08973485976457596 35 0.08973485976457596 35 852.44806 0.44500000000006
793 0.029201287776231766 34 0.019250262528657913 35 0.12409526 0.4443000000000601
794 0.008035993203520775 35 0.008035993203520775 35 0.065101594 0.44360000000006017
795 0.019778002053499222 27 0.009792868979275227 35 0.19976354 0.44290000000006025
796 0.020244071260094643 35 0.020244071260094643 35 0.1712559 0.4422000000000603
797 0.024888301268219948 35 0.024888301268219948 35 0.23084848 0.4415000000000604
798 0.11111971735954285 35 0.11111971735954285 35 0.25641865 0.4408000000000605
799 0.056253913789987564 35 0.056253913789987564 35 0.19106571 0.44010000000006055
800 0.10794295370578766 35 0.10794295370578766 35 2384.1409 0.43940000000006063
801 0.02885354310274124 32 0.00753130204975605 35 0.04292831 0.4387000000000607
802 0.03238697722554207 34 0.031412865966558456 35 0.4312544 0.4380000000000608
803 0.15947465598583221 34 0.15911176800727844 35 3150.4426 0.43730000000006086
804 0.015926016494631767 33 0.010282251052558422 35 0.14904836 0.43660000000006094
805 0.03548159450292587 35 0.03548159450292587 35 0.17299001 0.435900000000061
806 0.3949122130870819 35 0.3949122130870819 35 5329.3477 0.4352000000000611
807 0.0234869085252285 35 0.0234869085252285 35 0.13814087 0.43450000000006117
808 0.014379349537193775 28 0.008700603619217873 35 0.13005558 0.43380000000006125
809 0.0038373933639377356 32 0.002711477456614375 35 0.020340687 0.4331000000000613
810 0.017543723806738853 35 0.017543723806738853 35 0.11137967 0.4324000000000614
811 0.2610882520675659 35 0.2610882520675659 35 0.40903866 0.4317000000000615
812 0.050544578582048416 23 0.01108637172728777 35 1.0149987 0.43100000000006156
813 0.30815213918685913 28 0.28627288341522217 35 6174.0674 0.43030000000006163
814 0.009348886087536812 35 0.009348886087536812 35 0.028202496 0.4296000000000617
815 0.06499483436346054 35 0.06499483436346054 35 0.48709965 0.4289000000000618
816 0.6307945251464844 35 0.6307945251464844 35 5287.062 0.42820000000006186
817 0.0006833542720414698 31 0.00017490739992354065 35 0.009628799 0.42750000000006194
818 0.15835216641426086 35 0.15835216641426086 35 4082.5598 0.426800000000062
819 0.001112969359382987 29 0.0009222498629242182 35 0.026397366 0.4261000000000621
820 0.016150228679180145 34 0.015839803963899612 35 0.15289548 0.4254000000000622
821 0.05184417963027954 35 0.05184417963027954 35 0.035420485 0.42470000000006225
822 0.024054888635873795 30 0.007974144071340561 35 0.36895514 0.4240000000000623
823 0.01188675407320261 35 0.01188675407320261 35 0.17940933 0.4233000000000624
824 0.03088095225393772 35 0.03088095225393772 35 0.049169194 0.4226000000000625
825 0.009658850729465485 34 0.009467732161283493 35 0.09562176 0.42190000000006256
826 0.20455904304981232 34 0.16553644835948944 35 2306.6582 0.42120000000006264
827 0.04342758283019066 32 0.0088438019156456 35 0.4328047 0.4205000000000627
828 0.5750643014907837 33 0.5534728169441223 35 7479.076 0.4198000000000628
829 0.11608380079269409 35 0.11608380079269409 35 0.5552355 0.41910000000006287
830 0.1789894551038742 35 0.1789894551038742 35 2306.6528 0.41840000000006294
831 0.0074627939611673355 32 0.0072346958331763744 35 0.08624998 0.417700000000063
832 0.05121026560664177 35 0.05121026560664177 35 0.22704728 0.4170000000000631
833 0.017301512882113457 32 0.011911495588719845 35 0.13425843 0.4163000000000632
834 0.03235108405351639 33 0.030325202271342278 35 0.042503584 0.41560000000006325
835 0.009315812028944492 32 0.0033275631722062826 35 0.08835305 0.41490000000006333
836 0.036223288625478745 32 0.03314775228500366 35 0.66989505 0.4142000000000634
837 0.02785157412290573 19 0.011972249485552311 35 0.56945765 0.4135000000000635
838 0.07269756495952606 35 0.07269756495952606 35 897.41486 0.41280000000006356
839 0.011849278584122658 34 0.011723559349775314 35 0.07184126 0.41210000000006364
840 0.1537020355463028 34 0.1475335955619812 35 1531.0333 0.4114000000000637
841 0.036488696932792664 20 0.013781269080936909 35 0.74467564 0.4107000000000638
842 0.024587949737906456 31 0.020260512828826904 35 0.04487138 0.41000000000006387
843 0.03246923163533211 35 0.03246923163533211 35 0.019903598 0.40930000000006395
844 0.08122023195028305 35 0.08122023195028305 35 415.80252 0.408600000000064
845 0.03446774184703827 35 0.03446774184703827 35 0.70514965 0.4079000000000641
846 0.018271900713443756 32 0.01000194437801838 35 0.04751405 0.4072000000000642
847 0.02999376878142357 35 0.02999376878142357 35 0.0840256 0.40650000000006425
848 0.028714211657643318 35 0.028714211657643318 35 0.22917815 0.40580000000006433
849 0.010716857388615608 21 7.163711416069418e-05 35 0.117708944 0.4051000000000644
850 0.10222085565328598 33 0.08589989691972733 35 852.83716 0.4044000000000645
851 0.054708633571863174 22 0.02165880613029003 35 2429.7273 0.40370000000006456
852 0.032252244651317596 23 0.005335109308362007 35 0.16989616 0.40300000000006464
853 0.1839289665222168 28 0.16509291529655457 35 2965.7688 0.4023000000000647
854 0.02710077166557312 35 0.02710077166557312 35 0.4550823 0.4016000000000648
855 0.04106000065803528 34 0.03721245005726814 35 0.16690162 0.40090000000006487
856 0.04990328475832939 34 0.049678366631269455 35 0.45534605 0.40020000000006495
857 0.035501375794410706 32 0.0259007029235363 35 0.6969833 0.399500000000065
858 0.008988121524453163 35 0.008988121524453163 35 0.026800213 0.3988000000000651
859 0.2399013340473175 35 0.2399013340473175 35 2306.6655 0.3981000000000652
860 0.003097615670412779 35 0.003097615670412779 35 0.05211581 0.39740000000006526
861 0.004751705564558506 35 0.004751705564558506 35 0.0076468606 0.39670000000006533
862 0.03891226649284363 35 0.03891226649284363 35 0.13429292 0.3960000000000654
863 0.005417153239250183 23 6.997400487307459e-05 35 0.049245454 0.3953000000000655
864 0.053442440927028656 23 0.03628157079219818 35 1577.8186 0.39460000000006556
865 0.14321225881576538 35 0.14321225881576538 35 1312.609 0.39390000000006564
866 0.0027022738941013813 35 0.0027022738941013813 35 0.010990268 0.3932000000000657
867 0.6268895864486694 32 0.5438218712806702 35 5980.918 0.3925000000000658
868 0.18885810673236847 35 0.18885810673236847 35 994.3549 0.3918000000000659
869 0.021176571026444435 29 0.00891281571239233 35 0.22769554 0.39110000000006595
870 0.030064627528190613 33 0.01798381097614765 35 0.21478698 0.390400000000066
871 0.07264769822359085 35 0.07264769822359085 35 0.57685524 0.3897000000000661
872 0.11535394191741943 32 0.09195352345705032 35 2555.9001 0.3890000000000662
873 0.007761047687381506 29 0.0020163317676633596 35 0.026977314 0.38830000000006626
874 0.04176223650574684 35 0.04176223650574684 35 0.05214277 0.38760000000006634
875 0.04563251882791519 35 0.04563251882791519 35 0.1497424 0.3869000000000664
876 0.6926679015159607 33 0.6257551908493042 35 7479.0723 0.3862000000000665
877 0.026260094717144966 35 0.026260094717144966 35 0.17414808 0.38550000000006657
878 0.004420753568410873 26 0.002490873448550701 35 0.06685592 0.38480000000006664
879 0.0754711702466011 35 0.0754711702466011 35 0.16519117 0.3841000000000667
880 0.028372153639793396 35 0.028372153639793396 35 0.10075862 0.3834000000000668
881 0.015172532759606838 32 0.012965749017894268 35 0.21687397 0.3827000000000669
882 0.03640059381723404 32 0.02619558572769165 35 0.27804518 0.38200000000006695
883 0.010813634842634201 26 0.00956903025507927 35 0.086868405 0.38130000000006703
884 0.3006138801574707 26 0.01531315315514803 35 7224.9546 0.3806000000000671
885 0.11158142238855362 31 0.020383691415190697 35 1.1532665 0.3799000000000672
886 0.006734668277204037 30 0.0005022136610932648 35 0.04407924 0.37920000000006726
887 0.13323263823986053 34 0.10716786235570908 35 2428.169 0.37850000000006734
888 0.02158995345234871 23 0.011560794897377491 35 0.27954966 0.3778000000000674
889 0.07824157178401947 31 0.022168725728988647 35 537.1368 0.3771000000000675
890 0.024577844887971878 30 0.009473753161728382 35 0.3239821 0.37640000000006757
891 0.11294114589691162 35 0.11294114589691162 35 852.7133 0.37570000000006765
892 0.055841654539108276 29 0.004349918570369482 35 0.0941752 0.3750000000000677
893 0.14824876189231873 35 0.14824876189231873 35 415.3797 0.3743000000000678
894 0.001971232006326318 35 0.001971232006326318 35 0.02166634 0.3736000000000679
895 0.038135360926389694 34 0.03718914836645126 35 0.28658336 0.37290000000006795
896 0.008371016941964626 35 0.008371016941964626 35 0.19580188 0.37220000000006803
897 0.006377918180078268 24 0.005486560519784689 35 0.09432519 0.3715000000000681
898 0.057594798505306244 30 0.021624889224767685 35 0.8689777 0.3708000000000682
899 0.04792264848947525 27 0.024593789130449295 35 0.7745524 0.37010000000006826
900 0.04056325554847717 35 0.04056325554847717 35 0.17670736 0.36940000000006834
901 0.19899700582027435 27 0.03413888067007065 35 4668.6846 0.3687000000000684
902 0.0170553270727396 25 0.005050977226346731 35 0.09503108 0.3680000000000685
903 0.11342468857765198 35 0.11342468857765198 35 415.30716 0.36730000000006857
904 0.21997933089733124 24 0.03334649279713631 35 5693.097 0.36660000000006865
905 0.047853752970695496 35 0.047853752970695496 35 0.8763043 0.3659000000000687
906 0.19599123299121857 35 0.19599123299121857 35 2095.9395 0.3652000000000688
907 0.01685873419046402 35 0.01685873419046402 35 0.11734932 0.3645000000000689
908 0.14078935980796814 35 0.14078935980796814 35 944.5303 0.36380000000006896
909 0.002210847334936261 34 0.0022061136551201344 35 0.031457122 0.36310000000006903
910 0.047413069754838943 25 0.027068108320236206 35 0.7128522 0.3624000000000691
911 0.11330170184373856 32 0.0655352771282196 35 2556.1597 0.3617000000000692
912 0.015336789190769196 21 0.009241866879165173 35 0.2991766 0.36100000000006927
913 0.03341052308678627 34 0.01941828988492489 35 0.059274998 0.36030000000006934
914 0.043282877653837204 26 0.00722443126142025 35 0.8503048 0.3596000000000694
915 0.00920373946428299 23 0.007262307219207287 35 0.09183073 0.3589000000000695
916 0.05442892014980316 35 0.05442892014980316 35 415.65225 0.3582000000000696
917 0.14383473992347717 35 0.14383473992347717 35 3408.3179 0.35750000000006965
918 0.057426854968070984 25 0.018773149698972702 35 730.5854 0.35680000000006973
919 0.6349648237228394 28 0.11368169635534286 35 5287.653 0.3561000000000698
920 0.8369741439819336 31 0.7895347476005554 35 5746.7383 0.3554000000000699
921 0.08791996538639069 29 0.05074814334511757 35 1790.2628 0.35470000000006996
922 0.025256235152482986 22 0.010383164510130882 35 0.24726126 0.35400000000007004
923 0.8011818528175354 35 0.8011818528175354 35 4628.611 0.3533000000000701
924 0.1375773400068283 33 0.12996090948581696 35 5471.2773 0.3526000000000702
925 0.16637128591537476 33 0.11377377808094025 35 415.5066 0.35190000000007027
926 0.3620777130126953 32 0.29373040795326233 35 4628.5503 0.35120000000007034
927 0.23636339604854584 27 0.21558550000190735 35 3990.3103 0.3505000000000704
928 0.4588216543197632 35 0.4588216543197632 35 3718.6143 0.3498000000000705
929 0.08900674432516098 35 0.08900674432516098 35 0.17601642 0.3491000000000706
930 0.01641710102558136 35 0.01641710102558136 35 0.10192535 0.34840000000007065
931 0.07561136037111282 26 0.054983727633953094 35 415.58365 0.34770000000007073
932 0.026699470356106758 35 0.026699470356106758 35 0.033102535 0.3470000000000708
933 0.13942916691303253 35 0.13942916691303253 35 2464.4248 0.3463000000000709
934 0.15269656479358673 35 0.15269656479358673 35 2306.7761 0.34560000000007096
935 0.004083074629306793 35 0.004083074629306793 35 0.01939193 0.34490000000007104
936 0.42117542028427124 31 0.1353944092988968 35 0.5394762 0.3442000000000711
937 0.18419958651065826 35 0.18419958651065826 35 3408.2766 0.3435000000000712
938 0.361996591091156 28 0.09562842547893524 35 10979.161 0.34280000000007127
939 0.2970092296600342 35 0.2970092296600342 35 415.67728 0.34210000000007135
940 0.2725728452205658 34 0.26917800307273865 35 5980.7876 0.3414000000000714
941 0.14757873117923737 23 0.09712713956832886 35 659.8881 0.3407000000000715
942 0.227783665060997 35 0.227783665060997 35 10979.052 0.3400000000000716
943 0.8906581401824951 31 0.8390613794326782 35 4628.7397 0.33930000000007166
944 0.07948673516511917 35 0.07948673516511917 35 0.53627837 0.33860000000007173
945 0.12032565474510193 35 0.12032565474510193 35 1312.7484 0.3379000000000718
946 0.184379443526268 35 0.184379443526268 35 3407.956 0.3372000000000719
947 0.009083865210413933 16 0.0030640398617833853 35 0.27201357 0.33650000000007196
948 0.042960718274116516 35 0.042960718274116516 35 0.08882537 0.33580000000007204
949 0.3613016605377197 30 0.29527491331100464 35 4371.696 0.3351000000000721
950 0.1445702761411667 32 0.12344043701887131 35 3408.5972 0.3344000000000722
951 0.055250611156225204 31 0.027957528829574585 35 537.209 0.33370000000007227
952 0.08812297880649567 29 0.014915517531335354 35 1785.7198 0.33300000000007235
953 0.1628253310918808 25 0.04161180555820465 35 4055.7422 0.3323000000000724
954 0.03412996605038643 35 0.03412996605038643 35 0.23903565 0.3316000000000725
955 0.032947175204753876 34 0.022205732762813568 35 0.22238088 0.3309000000000726
956 0.02922576665878296 35 0.02922576665878296 35 0.22359438 0.33020000000007266
957 0.03351142629981041 32 0.01905183680355549 35 0.17197196 0.32950000000007273
958 0.19905482232570648 35 0.19905482232570648 35 5981.0034 0.3288000000000728
959 0.12756852805614471 34 0.12717239558696747 35 2306.72 0.3281000000000729
960 0.6561752557754517 32 0.5660662651062012 35 10978.998 0.32740000000007297
961 0.10312942415475845 35 0.10312942415475845 35 1102.023 0.32670000000007304
962 0.01468285545706749 35 0.01468285545706749 35 0.2001372 0.3260000000000731
963 0.4530109167098999 25 0.19824549555778503 35 10518.162 0.3253000000000732
964 0.020992008969187737 32 0.02081044763326645 35 0.21063243 0.3246000000000733
965 0.06103380396962166 35 0.06103380396962166 35 0.33037546 0.32390000000007335
966 0.5738806128501892 35 0.5738806128501892 35 10979.061 0.32320000000007343
967 0.46967780590057373 30 0.07888992130756378 35 1991.5767 0.3225000000000735
968 0.09151361882686615 32 0.04859139025211334 35 3150.6262 0.3218000000000736
969 0.3385128080844879 24 0.18207989633083344 35 5180.4673 0.32110000000007366
970 0.08800442516803741 27 0.043665532022714615 35 1879.7948 0.32040000000007374
971 0.01654837094247341 24 0.01201524306088686 35 0.039751112 0.3197000000000738
972 0.0023630838841199875 35 0.0023630838841199875 35 0.023526728 0.3190000000000739
973 0.16973784565925598 33 0.13584735989570618 35 1696.5452 0.31830000000007397
974 0.11373163014650345 34 0.09882611781358719 35 2306.586 0.31760000000007405
975 0.030578885227441788 32 0.02519994042813778 35 0.28636333 0.3169000000000741
976 0.24300000071525574 30 0.11739346385002136 35 8287.216 0.3162000000000742
977 0.00578751415014267 34 0.005344513803720474 35 0.021343844 0.3155000000000743
978 0.18158286809921265 35 0.18158286809921265 35 852.9101 0.31480000000007435
979 0.16607771813869476 35 0.16607771813869476 35 0.23385361 0.31410000000007443
980 0.05915883556008339 23 0.03885596618056297 35 3159.411 0.3134000000000745
981 0.8827793598175049 30 0.7491660118103027 35 5981.0073 0.3127000000000746
982 0.13756248354911804 26 0.040558625012636185 35 2083.1292 0.31200000000007466
983 0.13441281020641327 35 0.13441281020641327 35 3757.1062 0.31130000000007474
984 0.010530458763241768 31 0.006564232055097818 35 0.07767698 0.3106000000000748
985 0.5556809902191162 26 0.17449218034744263 35 7067.623 0.3099000000000749
986 0.5458317995071411 32 0.44499966502189636 35 2306.5364 0.30920000000007497
987 0.15715712308883667 35 0.15715712308883667 35 0.37152645 0.30850000000007505
988 0.1992964744567871 35 0.1992964744567871 35 853.34143 0.3078000000000751
989 0.2658342719078064 32 0.16436628997325897 35 2993.1992 0.3071000000000752
990 0.3911021649837494 31 0.11997196823358536 35 6851.0864 0.3064000000000753
991 0.05714746192097664 31 0.03385050222277641 35 0.6214927 0.30570000000007536
992 0.04945513233542442 25 0.013010350987315178 35 0.7716784 0.30500000000007543
993 0.1932293027639389 31 0.1283026784658432 35 3150.946 0.3043000000000755
994 0.6632397174835205 35 0.6632397174835205 35 5981.0312 0.3036000000000756
995 0.4305725693702698 32 0.31051573157310486 35 5287.1377 0.30290000000007566
996 0.18690000474452972 34 0.1815834492444992 35 4760.5024 0.30220000000007574
997 0.13930262625217438 30 0.060804616659879684 35 6157.391 0.3015000000000758
998 0.11961553990840912 25 0.027112264186143875 35 3660.1743 0.3008000000000759
999 0.01998860575258732 21 0.004680696874856949 35 0.34739345 0.300100000000076
