0 0.04733770340681076 35 0.04733770340681076 35 0.39789638 0.99
1 0.001986902207136154 35 0.001986902207136154 35 0.01865704 0.99
2 0.002391815884038806 35 0.002391815884038806 35 0.032521125 0.99
3 0.004564192611724138 33 0.0016044991789385676 35 0.013470502 0.99
4 0.0015120632015168667 35 0.0015120632015168667 35 0.0031356239 0.99
5 0.0071295141242444515 35 0.0071295141242444515 35 0.0012234882 0.99
6 0.005450041498988867 21 0.004086735192686319 35 0.1306296 0.99
7 0.002457116264849901 35 0.002457116264849901 35 0.021392219 0.99
8 0.0006391415372490883 22 0.0005863458500243723 35 0.004938175 0.99
9 0.0022288423497229815 35 0.0022288423497229815 35 0.01059738 0.99
10 0.0014079217799007893 35 0.0014079217799007893 35 0.006568186 0.99
11 0.004692881368100643 35 0.004692881368100643 35 0.08027975 0.99
12 0.011194526217877865 35 0.011194526217877865 35 0.06665746 0.99
13 0.00932755321264267 31 0.005409775767475367 35 0.093133196 0.99
14 0.001775616081431508 35 0.001775616081431508 35 0.0176238 0.9896
15 0.01106311846524477 35 0.01106311846524477 35 0.009090568 0.9889000000000001
16 0.004364687483757734 29 0.0013942783698439598 35 0.070894904 0.9882000000000002
17 0.21218182146549225 35 0.21218182146549225 35 0.39572206 0.9875000000000003
18 0.019259437918663025 32 0.015126635320484638 35 0.16930348 0.9868000000000003
19 0.003369491081684828 30 0.0030630805995315313 35 0.019916005 0.9861000000000004
20 0.0007075595785863698 31 0.0001286705955862999 35 0.0065319585 0.9854000000000005
21 0.00018182354688178748 29 1.9599066945374943e-05 35 0.0009249633 0.9847000000000006
22 0.0011921802069991827 29 6.669408321613446e-05 35 0.010480775 0.9840000000000007
23 0.031668733805418015 35 0.031668733805418015 35 0.2070328 0.9833000000000007
24 0.007068738341331482 33 0.004941869061440229 35 0.054538775 0.9826000000000008
25 0.02933112531900406 31 0.0187385231256485 35 0.4015148 0.9819000000000009
26 0.00015228925622068346 34 0.00015147698286455125 35 0.0032244932 0.981200000000001
27 0.00011450007878011093 32 3.480202576611191e-05 35 0.0019340608 0.980500000000001
28 0.0009757314110174775 30 0.0008597846026532352 35 0.017437464 0.9798000000000011
29 0.0009358945535495877 32 0.0005857418291270733 35 0.01568159 0.9791000000000012
30 0.02240091748535633 28 0.02104821987450123 35 0.5577102 0.9784000000000013
31 0.000654873379971832 31 0.00025754672242328525 35 0.0065256837 0.9777000000000013
32 0.001312644686549902 35 0.001312644686549902 35 0.010695426 0.9770000000000014
33 0.001313994755037129 28 0.0012673299061134458 35 0.012089434 0.9763000000000015
34 0.007679035421460867 33 0.0068445466458797455 35 0.10997932 0.9756000000000016
35 0.0017476333305239677 25 0.001576670678332448 35 0.017179195 0.9749000000000017
36 0.004318587947636843 35 0.004318587947636843 35 0.014007283 0.9742000000000017
37 0.001229001092724502 30 0.0005865295534022152 35 0.009764657 0.9735000000000018
38 0.002324578119441867 30 0.0020264277700334787 35 0.035845038 0.9728000000000019
39 0.0003875581896863878 30 0.0003120893088635057 35 0.0016629884 0.972100000000002
40 0.0004868465766776353 32 0.0002657908189576119 35 0.005271038 0.971400000000002
41 0.00039354219916276634 33 0.00012745017011184245 35 0.0065323664 0.9707000000000021
42 0.0002510672784410417 35 0.0002510672784410417 35 0.0015097714 0.9700000000000022
43 0.0025267808232456446 35 0.0025267808232456446 35 0.0113671515 0.9693000000000023
44 0.0005573627422563732 23 0.0003255992487538606 35 0.009088399 0.9686000000000023
45 0.009400486014783382 32 5.617485294351354e-05 35 0.044189844 0.9679000000000024
46 0.0018724565161392093 35 0.0018724565161392093 35 0.006168443 0.9672000000000025
47 0.020762264728546143 35 0.020762264728546143 35 0.35892254 0.9665000000000026
48 0.004846866242587566 30 0.004349170718342066 35 0.037874505 0.9658000000000027
49 0.0011165270116180182 35 0.0011165270116180182 35 0.0090483455 0.9651000000000027
50 0.00251830299384892 24 0.0012095310958102345 35 0.029772231 0.9644000000000028
51 0.005150407087057829 35 0.005150407087057829 35 0.027632926 0.9637000000000029
52 0.0009540053433738649 32 0.000605702749453485 35 0.009171483 0.963000000000003
53 0.013042936101555824 35 0.013042936101555824 35 0.05320388 0.962300000000003
54 0.03724656626582146 35 0.03724656626582146 35 0.0633064 0.9616000000000031
55 0.0015679323114454746 32 0.0008766272221691906 35 0.010850739 0.9609000000000032
56 0.0012089431984350085 35 0.0012089431984350085 35 0.0031308534 0.9602000000000033
57 0.004130878020077944 35 0.004130878020077944 35 0.0034261604 0.9595000000000034
58 0.004310106858611107 34 0.002823631512001157 35 0.018177727 0.9588000000000034
59 0.001322488533332944 35 0.001322488533332944 35 0.009590896 0.9581000000000035
60 0.1791013777256012 34 0.14411768317222595 35 510.19653 0.9574000000000036
61 0.024808404967188835 24 0.01929233968257904 35 0.6193383 0.9567000000000037
62 0.0007814160780981183 29 0.0006488023791462183 35 0.007959177 0.9560000000000037
63 0.0001245239982381463 30 1.0414904863864649e-05 35 0.0012914271 0.9553000000000038
64 0.0012134963180869818 29 2.6052550310851075e-05 35 0.02537791 0.9546000000000039
65 0.0012111009564250708 35 0.0012111009564250708 35 0.0029994042 0.953900000000004
66 0.008515989407896996 35 0.008515989407896996 35 0.07525618 0.953200000000004
67 0.02223079279065132 29 0.01406671293079853 35 0.28051296 0.9525000000000041
68 0.005063233897089958 32 0.004945539403706789 35 0.06577739 0.9518000000000042
69 0.001762022846378386 35 0.001762022846378386 35 0.005703944 0.9511000000000043
70 0.002097780816257 28 0.0010068387491628528 35 0.017563611 0.9504000000000044
71 0.02114553190767765 35 0.02114553190767765 35 0.070469625 0.9497000000000044
72 0.028604084625840187 33 0.02406374365091324 35 0.06125198 0.9490000000000045
73 0.010237326845526695 35 0.010237326845526695 35 0.03983837 0.9483000000000046
74 0.005838938057422638 17 0.0030092557426542044 35 0.08863753 0.9476000000000047
75 0.004731595050543547 33 0.0035582545679062605 35 0.07798205 0.9469000000000047
76 0.015242347493767738 35 0.015242347493767738 35 0.112765245 0.9462000000000048
77 0.00756038399413228 28 0.004730807151645422 35 0.09006169 0.9455000000000049
78 0.00041534227784723043 32 0.0002907738380599767 35 0.0034210095 0.944800000000005
79 0.006563933566212654 34 0.005601226817816496 35 0.07089641 0.944100000000005
80 0.016080407425761223 35 0.016080407425761223 35 0.055928454 0.9434000000000051
81 0.008130845613777637 32 0.0015745417913421988 35 0.049990542 0.9427000000000052
82 0.006084435153752565 35 0.006084435153752565 35 0.02710984 0.9420000000000053
83 0.009575669653713703 35 0.009575669653713703 35 0.025640322 0.9413000000000054
84 0.09249463677406311 35 0.09249463677406311 35 0.19042468 0.9406000000000054
85 0.006040474865585566 35 0.006040474865585566 35 0.06725296 0.9399000000000055
86 0.07478468865156174 35 0.07478468865156174 35 0.07548795 0.9392000000000056
87 0.001181577448733151 24 7.721680594841018e-05 35 0.011984915 0.9385000000000057
88 0.0005056397058069706 35 0.0005056397058069706 35 0.0016193674 0.9378000000000057
89 0.0033158492296934128 32 0.0006597320316359401 35 0.022782663 0.9371000000000058
90 0.0090505201369524 26 0.0009536197176203132 35 0.08207132 0.9364000000000059
91 0.00034914782736450434 29 0.00034093091380782425 35 0.0024070565 0.935700000000006
92 0.0019435867434367537 33 0.001144443522207439 35 0.011311262 0.935000000000006
93 0.0008238383452408016 35 0.0008238383452408016 35 0.004092378 0.9343000000000061
94 0.0013893526047468185 35 0.0013893526047468185 35 0.017108487 0.9336000000000062
95 0.000975331524387002 33 0.0009482979075983167 35 0.006318473 0.9329000000000063
96 0.0007761812885291874 35 0.0007761812885291874 35 0.009276358 0.9322000000000064
97 0.0016054337611421943 27 0.00038216603570617735 35 0.0110751325 0.9315000000000064
98 0.049887657165527344 35 0.049887657165527344 35 0.18483126 0.9308000000000065
99 0.0010567280696704984 35 0.0010567280696704984 35 0.01372314 0.9301000000000066
100 0.0026592761278152466 30 0.00020076446526218206 35 0.022934562 0.9294000000000067
101 0.0008779836352914572 28 0.00064526975620538 35 0.011415229 0.9287000000000067
102 0.017043346539139748 34 0.01693626679480076 35 0.32571942 0.9280000000000068
103 0.008791754953563213 33 0.005997027270495892 35 0.062863566 0.9273000000000069
104 0.012787310406565666 35 0.012787310406565666 35 0.10015063 0.926600000000007
105 0.01049474161118269 29 0.006817089393734932 35 0.038477972 0.925900000000007
106 0.11530131846666336 35 0.11530131846666336 35 1796.8552 0.9252000000000071
107 0.00024883676087483764 33 0.00013798272993881255 35 0.0018133394 0.9245000000000072
108 0.0006718103541061282 24 0.0004379648307804018 35 0.009171082 0.9238000000000073
109 0.0006715608760714531 34 0.0004750857478938997 35 0.0041623544 0.9231000000000074
110 0.006720835343003273 35 0.006720835343003273 35 0.009035255 0.9224000000000074
111 0.0015228991396725178 35 0.0015228991396725178 35 0.01166065 0.9217000000000075
112 0.007487448863685131 35 0.007487448863685131 35 0.031194415 0.9210000000000076
113 0.007480772212147713 32 0.0023411221336573362 35 0.022880116 0.9203000000000077
114 0.002406321233138442 35 0.002406321233138442 35 0.007817699 0.9196000000000077
115 0.005377258639782667 28 0.0006862565060146153 35 0.032547276 0.9189000000000078
116 0.0004266294417902827 35 0.0004266294417902827 35 0.0014046752 0.9182000000000079
117 0.002258431166410446 33 0.0014438318321481347 35 0.013443478 0.917500000000008
118 0.005131908226758242 30 0.00010385369387222454 35 0.044669308 0.916800000000008
119 0.0003449363575782627 32 0.00014547737373504788 35 0.0014016513 0.9161000000000081
120 0.005910225212574005 35 0.005910225212574005 35 0.008905564 0.9154000000000082
121 0.0005392003222368658 35 0.0005392003222368658 35 0.0043597515 0.9147000000000083
122 0.003127554664388299 34 0.002991499612107873 35 0.029863097 0.9140000000000084
123 0.01902765780687332 35 0.01902765780687332 35 0.2032176 0.9133000000000084
124 0.003138615284115076 34 0.001521485042758286 35 0.009695842 0.9126000000000085
125 0.00033722995431162417 29 0.00015517020074184984 35 0.0039376225 0.9119000000000086
126 0.016066569834947586 24 0.0034610044676810503 35 0.34296322 0.9112000000000087
127 0.0076738931238651276 35 0.0076738931238651276 35 0.04774443 0.9105000000000087
128 0.0016252086497843266 29 0.00028658201335929334 35 0.01852971 0.9098000000000088
129 0.0027984497137367725 35 0.0027984497137367725 35 0.013420614 0.9091000000000089
130 0.002432511653751135 32 0.001627278863452375 35 0.0122410515 0.908400000000009
131 0.012608419172465801 35 0.012608419172465801 35 0.063159525 0.907700000000009
132 0.0036496997345238924 33 0.0026677041314542294 35 0.031547032 0.9070000000000091
133 0.0014284400967881083 35 0.0014284400967881083 35 0.017658964 0.9063000000000092
134 0.006285675335675478 35 0.006285675335675478 35 0.004266828 0.9056000000000093
135 0.0003728311858139932 35 0.0003728311858139932 35 0.00413778 0.9049000000000094
136 0.00743400864303112 35 0.00743400864303112 35 0.030300597 0.9042000000000094
137 0.0001672299695201218 35 0.0001672299695201218 35 0.0022139337 0.9035000000000095
138 0.00034544389927759767 34 0.000339527236064896 35 0.003842059 0.9028000000000096
139 0.011492793448269367 35 0.011492793448269367 35 0.09753126 0.9021000000000097
140 0.004898339044302702 32 0.003841342870146036 35 0.10494306 0.9014000000000097
141 0.008973423391580582 31 0.0014822041848674417 35 0.045912128 0.9007000000000098
142 0.0003376049571670592 34 0.0001270944339921698 35 0.004186337 0.9000000000000099
143 0.000987775856629014 35 0.000987775856629014 35 0.0008540256 0.89930000000001
144 0.0029105916619300842 31 0.0018900571158155799 35 0.0040687425 0.8986000000000101
145 0.003516189055517316 35 0.003516189055517316 35 0.006378506 0.8979000000000101
146 0.0008907330338843167 33 0.00027994162519462407 35 0.0024631622 0.8972000000000102
147 0.02865290269255638 29 0.01311350055038929 35 0.24127191 0.8965000000000103
148 0.0045597790740430355 35 0.0045597790740430355 35 0.034454074 0.8958000000000104
149 0.0009856941178441048 35 0.0009856941178441048 35 0.007172016 0.8951000000000104
150 0.004333261866122484 35 0.004333261866122484 35 0.00401599 0.8944000000000105
151 0.00010500809003133327 35 0.00010500809003133327 35 0.0008511803 0.8937000000000106
152 0.02396870031952858 35 0.02396870031952858 35 0.076038584 0.8930000000000107
153 0.00019741350843105465 28 6.208549893926829e-05 35 0.0021280993 0.8923000000000108
154 0.004021322354674339 33 0.0025737176183611155 35 0.023573967 0.8916000000000108
155 0.010688237845897675 33 0.006429981905966997 35 0.16494207 0.8909000000000109
156 0.004267908167093992 31 0.0018607234815135598 35 0.035436716 0.890200000000011
157 0.0019737801048904657 35 0.0019737801048904657 35 0.004528631 0.8895000000000111
158 0.0021858131512999535 35 0.0021858131512999535 35 0.009133877 0.8888000000000111
159 0.023212555795907974 32 0.018121441826224327 35 0.1377342 0.8881000000000112
160 0.0011782195651903749 18 0.00077964982483536 35 0.028172143 0.8874000000000113
161 0.00373633299022913 33 0.0026801235508173704 35 0.028001435 0.8867000000000114
162 0.011041785590350628 30 0.007601799443364143 35 0.0467044 0.8860000000000114
163 0.006580045912414789 32 0.0018515685806050897 35 0.04406698 0.8853000000000115
164 0.00010285261669196188 34 4.71742132504005e-05 35 0.0007052109 0.8846000000000116
165 0.001725334906950593 31 0.0005987004842609167 35 0.008912068 0.8839000000000117
166 0.003464427310973406 35 0.003464427310973406 35 0.018315462 0.8832000000000118
167 0.00014166103210300207 30 8.157304546330124e-05 35 0.00037258715 0.8825000000000118
168 0.013914642855525017 35 0.013914642855525017 35 0.02013528 0.8818000000000119
169 0.0007539431098848581 34 0.0007211266783997416 35 0.012576805 0.881100000000012
170 0.00864419899880886 32 0.003528621746227145 35 0.057731748 0.8804000000000121
171 0.010487665422260761 35 0.010487665422260761 35 0.042899456 0.8797000000000121
172 0.03206820413470268 35 0.03206820413470268 35 0.10805556 0.8790000000000122
173 0.0019627742003649473 30 0.0015506024938076735 35 0.024230665 0.8783000000000123
174 0.002526619704440236 35 0.002526619704440236 35 0.016928991 0.8776000000000124
175 0.0010915156453847885 35 0.0010915156453847885 35 0.0012754429 0.8769000000000124
176 0.007885495200753212 32 0.0026123374700546265 35 0.018726457 0.8762000000000125
177 0.000779709022026509 33 0.0007376210996881127 35 0.010898005 0.8755000000000126
178 0.02692914567887783 35 0.02692914567887783 35 0.11825439 0.8748000000000127
179 0.0004308155330363661 32 0.0003292836481705308 35 0.0037778758 0.8741000000000128
180 0.002258394379168749 25 0.00019604637054726481 35 0.014649799 0.8734000000000128
181 0.0006299873348325491 32 5.3812509577255696e-05 35 0.0068639438 0.8727000000000129
182 0.0013467438984662294 31 0.00042213176493532956 35 0.010352652 0.872000000000013
183 0.003183538094162941 32 0.00026714903651736677 35 0.015702482 0.8713000000000131
184 0.0007093062158674002 35 0.0007093062158674002 35 0.007017787 0.8706000000000131
185 0.001996865263208747 27 0.000521433015819639 35 0.032983705 0.8699000000000132
186 0.006846064701676369 35 0.006846064701676369 35 0.08651819 0.8692000000000133
187 0.0017297387821599841 32 0.0010336401173844934 35 0.0076856404 0.8685000000000134
188 0.0001704141905065626 31 4.762855951412348e-06 35 0.0018787764 0.8678000000000134
189 0.002649865346029401 35 0.002649865346029401 35 0.016621802 0.8671000000000135
190 0.006195772439241409 35 0.006195772439241409 35 0.028101895 0.8664000000000136
191 0.010236679576337337 35 0.010236679576337337 35 0.04119423 0.8657000000000137
192 0.0010217365343123674 35 0.0010217365343123674 35 0.0127369175 0.8650000000000138
193 0.007712066639214754 35 0.007712066639214754 35 0.056613177 0.8643000000000138
194 0.002377195516601205 32 0.00020977809617761523 35 0.026971458 0.8636000000000139
195 0.019816065207123756 29 0.011922814883291721 35 0.13967569 0.862900000000014
196 0.004230163525789976 35 0.004230163525789976 35 0.029150128 0.8622000000000141
197 0.016319753602147102 28 0.0008112395880743861 35 0.016898543 0.8615000000000141
198 0.002497816924005747 35 0.002497816924005747 35 0.0069392575 0.8608000000000142
199 0.09912394732236862 34 0.0804663747549057 35 944.5445 0.8601000000000143
200 0.004904406610876322 35 0.004904406610876322 35 0.025486 0.8594000000000144
201 0.00030425956356339157 30 0.0002319975319551304 35 0.0025430743 0.8587000000000145
202 0.00276404176838696 19 0.0010459464974701405 35 0.034617808 0.8580000000000145
203 0.00042728002881631255 35 0.00042728002881631255 35 0.0015637795 0.8573000000000146
204 0.013127642683684826 35 0.013127642683684826 35 0.057661537 0.8566000000000147
205 0.011253251694142818 26 0.0017593560041859746 35 0.17483246 0.8559000000000148
206 0.0006695165066048503 35 0.0006695165066048503 35 0.0038183262 0.8552000000000148
207 0.00046295838546939194 35 0.00046295838546939194 35 0.005053636 0.8545000000000149
208 0.018896613270044327 35 0.018896613270044327 35 0.06485811 0.853800000000015
209 0.004619828425347805 28 0.0032286779023706913 35 0.022274906 0.8531000000000151
210 0.0004883567453362048 23 8.583896851632744e-05 35 0.009221942 0.8524000000000151
211 0.000881512591149658 21 0.00021794295753352344 35 0.009457277 0.8517000000000152
212 0.0007692570798099041 30 0.0005330785643309355 35 0.010912639 0.8510000000000153
213 0.019818244501948357 35 0.019818244501948357 35 0.048895855 0.8503000000000154
214 0.004105397034436464 34 0.0038980701938271523 35 0.014844749 0.8496000000000155
215 0.0008587474003434181 35 0.0008587474003434181 35 0.0044635287 0.8489000000000155
216 0.06375182420015335 34 0.061146706342697144 35 415.2764 0.8482000000000156
217 0.00242416188120842 31 0.0015456649707630277 35 0.0142567735 0.8475000000000157
218 0.005405206233263016 35 0.005405206233263016 35 0.007856446 0.8468000000000158
219 0.0013200490502640605 35 0.0013200490502640605 35 0.0051759947 0.8461000000000158
220 0.0016629808815196157 29 0.0010557252680882812 35 0.02462105 0.8454000000000159
221 0.04645662382245064 32 0.036970268934965134 35 0.24388315 0.844700000000016
222 0.007580602541565895 31 0.005531018134206533 35 0.10803865 0.8440000000000161
223 0.001506955362856388 33 0.00149646052159369 35 0.010994184 0.8433000000000161
224 0.0016272549983114004 35 0.0016272549983114004 35 0.008851212 0.8426000000000162
225 0.002678192686289549 31 0.000175514753209427 35 0.023234906 0.8419000000000163
226 0.0037299410905689 34 0.003526107408106327 35 0.032757517 0.8412000000000164
227 0.0007023430080153048 35 0.0007023430080153048 35 0.0037326743 0.8405000000000165
228 0.00014701920736115426 33 0.0001389125973219052 35 0.00072222383 0.8398000000000165
229 0.0094225462526083 25 0.0032873519230633974 35 0.047745895 0.8391000000000166
230 0.007836056873202324 31 0.0003720674430951476 35 0.056669634 0.8384000000000167
231 0.0003434878308326006 35 0.0003434878308326006 35 0.0023116423 0.8377000000000168
232 0.0006427543121390045 32 0.0005723735084757209 35 0.006638706 0.8370000000000168
233 0.005663336254656315 35 0.005663336254656315 35 0.043269068 0.8363000000000169
234 0.017922917380928993 30 0.0005053479690104723 35 0.13669562 0.835600000000017
235 0.003349837614223361 35 0.003349837614223361 35 0.019964142 0.8349000000000171
236 0.032705821096897125 35 0.032705821096897125 35 0.25755194 0.8342000000000172
237 0.0018139616586267948 35 0.0018139616586267948 35 0.021795377 0.8335000000000172
238 0.0036960062570869923 35 0.0036960062570869923 35 0.010088321 0.8328000000000173
239 0.1720888614654541 34 0.15704889595508575 35 2306.81 0.8321000000000174
240 0.007693228777498007 32 0.005113042425364256 35 0.06643997 0.8314000000000175
241 0.0046258773654699326 35 0.0046258773654699326 35 0.009684888 0.8307000000000175
242 0.05244423449039459 32 0.027471452951431274 35 994.3701 0.8300000000000176
243 0.01814221404492855 35 0.01814221404492855 35 0.1255448 0.8293000000000177
244 0.006590468809008598 35 0.006590468809008598 35 0.013625123 0.8286000000000178
245 0.00463368184864521 35 0.00463368184864521 35 0.043647397 0.8279000000000178
246 0.0406407006084919 35 0.0406407006084919 35 0.2395308 0.8272000000000179
247 0.002042214386165142 24 0.0016634552739560604 35 0.030483736 0.826500000000018
248 0.020983606576919556 30 0.0055791768245399 35 0.25307736 0.8258000000000181
249 0.0007700342102907598 34 0.0006419013370759785 35 0.0056975037 0.8251000000000182
250 0.0014170192880555987 23 9.455691179027781e-05 35 0.00877945 0.8244000000000182
251 0.012976382859051228 35 0.012976382859051228 35 0.04106035 0.8237000000000183
252 0.028579650446772575 35 0.028579650446772575 35 0.18530938 0.8230000000000184
253 0.012137675657868385 35 0.012137675657868385 35 0.0371329 0.8223000000000185
254 0.002618325874209404 32 0.0017777461325749755 35 0.022943545 0.8216000000000185
255 0.002876394661143422 33 0.0022639953531324863 35 0.01050483 0.8209000000000186
256 0.006196247413754463 28 0.002381277037784457 35 0.018539943 0.8202000000000187
257 0.01120559498667717 35 0.01120559498667717 35 0.027920056 0.8195000000000188
258 0.017651140689849854 35 0.017651140689849854 35 0.1264489 0.8188000000000188
259 0.02079819142818451 33 0.017682423815131187 35 0.051545765 0.8181000000000189
260 0.00031105155358090997 29 5.202272586757317e-05 35 0.0022975209 0.817400000000019
261 0.002952059032395482 35 0.002952059032395482 35 0.018152662 0.8167000000000191
262 0.00036044191801920533 27 0.00033709671697579324 35 0.0029985341 0.8160000000000192
263 0.04185967892408371 27 0.0003580792108550668 35 0.4846224 0.8153000000000192
264 0.0074669551104307175 35 0.0074669551104307175 35 0.031052383 0.8146000000000193
265 0.004256598651409149 35 0.004256598651409149 35 0.01738993 0.8139000000000194
266 0.00048819585936143994 35 0.00048819585936143994 35 0.0016793159 0.8132000000000195
267 0.002776308683678508 27 0.0027626673690974712 35 0.0507773 0.8125000000000195
268 0.0004679234407376498 35 0.0004679234407376498 35 0.0038869523 0.8118000000000196
269 0.0034248700831085443 34 0.0016527727711945772 35 0.012526327 0.8111000000000197
270 0.006040689069777727 29 0.0015775613719597459 35 0.068857335 0.8104000000000198
271 0.04155725613236427 33 0.040263932198286057 35 0.20713657 0.8097000000000198
272 0.0007292512455023825 35 0.0007292512455023825 35 0.0016144502 0.8090000000000199
273 0.0045262472704052925 35 0.0045262472704052925 35 0.029422624 0.80830000000002
274 0.0008922069100663066 33 0.0002671779366210103 35 0.0026475722 0.8076000000000201
275 0.03108455240726471 35 0.03108455240726471 35 0.18623133 0.8069000000000202
276 0.0007818813901394606 35 0.0007818813901394606 35 0.0048242183 0.8062000000000202
277 0.021957727149128914 32 0.01832262985408306 35 0.1893733 0.8055000000000203
278 0.0034435726702213287 33 0.003381018526852131 35 0.029553626 0.8048000000000204
279 0.06565600633621216 32 0.037341561168432236 35 994.3325 0.8041000000000205
280 0.0008570216014049947 35 0.0008570216014049947 35 0.011714676 0.8034000000000205
281 0.1083766296505928 35 0.1083766296505928 35 1796.7814 0.8027000000000206
282 0.0025215481873601675 35 0.0025215481873601675 35 0.0041845636 0.8020000000000207
283 0.006706085056066513 30 0.006378748919814825 35 0.01854719 0.8013000000000208
284 0.005244671367108822 35 0.005244671367108822 35 0.0175341 0.8006000000000209
285 0.004749888554215431 29 0.003288161475211382 35 0.02762797 0.7999000000000209
286 0.003154926933348179 35 0.003154926933348179 35 0.012825397 0.799200000000021
287 0.0022421011235564947 35 0.0022421011235564947 35 0.021134298 0.7985000000000211
288 0.05856649950146675 32 0.010294118896126747 35 0.10120956 0.7978000000000212
289 0.040859345346689224 35 0.040859345346689224 35 0.002289924 0.7971000000000212
290 0.0009694964974187315 29 0.0007068496197462082 35 0.009336356 0.7964000000000213
291 0.008660520426928997 34 0.005706635303795338 35 0.03734234 0.7957000000000214
292 0.011966840364038944 29 0.006891824770718813 35 0.15100878 0.7950000000000215
293 8.86873240233399e-05 30 4.635657387552783e-05 35 0.0017757411 0.7943000000000215
294 0.00039302135701291263 35 0.00039302135701291263 35 0.001568397 0.7936000000000216
295 0.0068513453006744385 35 0.0068513453006744385 35 0.054477375 0.7929000000000217
296 0.059525445103645325 35 0.059525445103645325 35 0.32365888 0.7922000000000218
297 0.015907958149909973 35 0.015907958149909973 35 0.05634472 0.7915000000000219
298 0.00018094063852913678 23 0.0001145043715951033 35 0.00229441 0.7908000000000219
299 0.013322277925908566 32 0.011952407658100128 35 0.0428582 0.790100000000022
300 0.0017336554592475295 34 0.0017284223577007651 35 0.019125583 0.7894000000000221
301 0.0018593238200992346 35 0.0018593238200992346 35 0.015340199 0.7887000000000222
302 0.008753791451454163 35 0.008753791451454163 35 0.09067319 0.7880000000000222
303 0.007147494703531265 31 0.002733974950388074 35 0.025725309 0.7873000000000223
304 0.009524459950625896 34 0.006643970962613821 35 0.06249293 0.7866000000000224
305 0.07232207804918289 35 0.07232207804918289 35 852.7255 0.7859000000000225
306 0.0018007120816037059 23 0.0010155750205740333 35 0.020937193 0.7852000000000225
307 0.0033861040137708187 34 0.0033496145624667406 35 0.021908194 0.7845000000000226
308 0.01133016124367714 35 0.01133016124367714 35 0.038081706 0.7838000000000227
309 0.012335584498941898 35 0.012335584498941898 35 0.021992652 0.7831000000000228
310 0.0180447269231081 35 0.0180447269231081 35 0.0688587 0.7824000000000229
311 0.04053812474012375 35 0.04053812474012375 35 0.035741925 0.7817000000000229
312 0.0164131261408329 27 0.014419613406062126 35 0.16519335 0.781000000000023
313 0.05426334962248802 35 0.05426334962248802 35 0.291492 0.7803000000000231
314 0.004156717099249363 30 0.0033947082702070475 35 0.032040928 0.7796000000000232
315 0.014550884254276752 35 0.014550884254276752 35 0.031160763 0.7789000000000232
316 0.002916745375841856 35 0.002916745375841856 35 0.008648846 0.7782000000000233
317 0.0016839264426380396 19 0.0012065175687894225 35 0.04640226 0.7775000000000234
318 0.0016537258634343743 33 0.0007751679513603449 35 0.005516806 0.7768000000000235
319 0.0048482161946594715 29 0.004137745592743158 35 0.037676085 0.7761000000000235
320 0.00455032242462039 34 0.003603727091103792 35 0.014429396 0.7754000000000236
321 0.004600463435053825 35 0.004600463435053825 35 0.010560149 0.7747000000000237
322 0.009818575344979763 35 0.009818575344979763 35 0.008891288 0.7740000000000238
323 0.0030240295454859734 35 0.0030240295454859734 35 0.043634128 0.7733000000000239
324 0.0034983342047780752 35 0.0034983342047780752 35 0.030137407 0.7726000000000239
325 0.035580072551965714 35 0.035580072551965714 35 0.04247428 0.771900000000024
326 0.011590320616960526 34 0.005687804892659187 35 0.01681253 0.7712000000000241
327 0.05830242112278938 23 0.023808905854821205 35 0.29262775 0.7705000000000242
328 0.004364812280982733 28 0.0020654997788369656 35 0.047523268 0.7698000000000242
329 0.0006638215854763985 26 0.00027616851730272174 35 0.004367052 0.7691000000000243
330 0.0029847645200788975 30 0.0023979931138455868 35 0.048699 0.7684000000000244
331 0.004669347777962685 35 0.004669347777962685 35 0.015622076 0.7677000000000245
332 0.019608335569500923 31 0.008255799300968647 35 0.050938986 0.7670000000000246
333 0.0003849365748465061 35 0.0003849365748465061 35 0.006380219 0.7663000000000246
334 0.00885816104710102 35 0.00885816104710102 35 0.055262085 0.7656000000000247
335 0.006313604302704334 30 0.006178590003401041 35 0.09484295 0.7649000000000248
336 0.012555942870676517 32 0.00544732017442584 35 0.016773054 0.7642000000000249
337 0.0018362216651439667 35 0.0018362216651439667 35 0.012387792 0.7635000000000249
338 0.0024504465982317924 33 0.0022622505202889442 35 0.012224239 0.762800000000025
339 0.01920420303940773 28 0.0007069450803101063 35 0.16854164 0.7621000000000251
340 0.035059452056884766 32 0.03037826158106327 35 0.43508884 0.7614000000000252
341 0.007342795841395855 33 0.006012184079736471 35 0.03945213 0.7607000000000252
342 0.00043917930452153087 28 0.00032524633570574224 35 0.0036951834 0.7600000000000253
343 0.0005369405262172222 35 0.0005369405262172222 35 0.0036230884 0.7593000000000254
344 0.02088099904358387 35 0.02088099904358387 35 0.10186871 0.7586000000000255
345 0.009367823600769043 35 0.009367823600769043 35 0.02891292 0.7579000000000256
346 0.002665923908352852 27 0.0012816933449357748 35 0.01969441 0.7572000000000256
347 0.0011154889361932874 35 0.0011154889361932874 35 0.005466566 0.7565000000000257
348 0.016211630776524544 23 0.007996579632163048 35 0.0605673 0.7558000000000258
349 3.777543315663934e-05 21 2.6518360755289905e-05 35 0.00062828924 0.7551000000000259
350 0.014835745096206665 35 0.014835745096206665 35 0.049749665 0.7544000000000259
351 0.0007959706126712263 30 0.0004463631776161492 35 0.0041042217 0.753700000000026
352 0.005657472647726536 35 0.005657472647726536 35 0.027699886 0.7530000000000261
353 0.015952900052070618 30 0.01153866108506918 35 0.23066409 0.7523000000000262
354 0.0077940309420228004 32 0.007027382962405682 35 0.0579551 0.7516000000000262
355 0.004630712792277336 33 0.004449447151273489 35 0.050130617 0.7509000000000263
356 0.006129380315542221 29 0.0009083720506168902 35 0.092010505 0.7502000000000264
357 0.0003283146070316434 29 0.00011602083395700902 35 0.0046473765 0.7495000000000265
358 0.013429401442408562 32 0.003096984466537833 35 0.16955976 0.7488000000000266
359 0.003520469879731536 33 0.0016530086286365986 35 0.045884937 0.7481000000000266
360 0.0017857529455795884 27 0.0016849138773977757 35 0.03476289 0.7474000000000267
361 0.012756682001054287 35 0.012756682001054287 35 0.10384054 0.7467000000000268
362 0.0017363871447741985 33 0.001442847540602088 35 0.016002223 0.7460000000000269
363 0.018716534599661827 29 0.016946474090218544 35 0.09526305 0.7453000000000269
364 0.0007397846202366054 35 0.0007397846202366054 35 0.0025030985 0.744600000000027
365 0.0018633451545611024 19 0.0010893292492255569 35 0.033116885 0.7439000000000271
366 0.021563617512583733 31 0.01722092181444168 35 0.2461651 0.7432000000000272
367 0.0011792726581916213 35 0.0011792726581916213 35 0.00525277 0.7425000000000272
368 0.034216031432151794 35 0.034216031432151794 35 0.422069 0.7418000000000273
369 0.12245475500822067 35 0.12245475500822067 35 4002.6628 0.7411000000000274
370 0.037755466997623444 35 0.037755466997623444 35 0.1527834 0.7404000000000275
371 0.01735122874379158 35 0.01735122874379158 35 0.14620851 0.7397000000000276
372 0.00045945498277433217 30 0.00036763466778211296 35 0.004431366 0.7390000000000276
373 0.0021399452816694975 35 0.0021399452816694975 35 0.01660289 0.7383000000000277
374 0.00718271266669035 35 0.00718271266669035 35 0.005211223 0.7376000000000278
375 0.15741582214832306 33 0.12711012363433838 35 1891.4452 0.7369000000000279
376 0.0009243683889508247 34 0.0008919910178519785 35 0.0066586183 0.7362000000000279
377 0.0011439489899203181 34 0.0011155324755236506 35 0.004878435 0.735500000000028
378 0.004257974214851856 35 0.004257974214851856 35 0.008675163 0.7348000000000281
379 0.025198007002472878 33 0.02187488228082657 35 0.30319032 0.7341000000000282
380 0.011097428388893604 30 0.005756632424890995 35 0.22962344 0.7334000000000283
381 0.026210250332951546 24 0.007712411228567362 35 0.5034377 0.7327000000000283
382 0.00702859228476882 28 0.005397418979555368 35 0.065488085 0.7320000000000284
383 0.001395389554090798 35 0.001395389554090798 35 0.01434489 0.7313000000000285
384 0.023185938596725464 35 0.023185938596725464 35 0.23067842 0.7306000000000286
385 0.02211337350308895 34 0.01987508311867714 35 0.28843486 0.7299000000000286
386 0.004749719053506851 31 0.0028569218702614307 35 0.07505905 0.7292000000000287
387 0.5726146697998047 34 0.5653781294822693 35 4267.0264 0.7285000000000288
388 0.005616533569991589 30 0.005422692745923996 35 0.06143657 0.7278000000000289
389 0.0118258660659194 35 0.0118258660659194 35 0.047512047 0.727100000000029
390 0.038040656596422195 26 0.007803319022059441 35 0.31064218 0.726400000000029
391 0.005642204079777002 33 0.0038865311071276665 35 0.01512724 0.7257000000000291
392 0.0007283705635927618 35 0.0007283705635927618 35 0.0009883689 0.7250000000000292
393 0.027716537937521935 33 0.02169910818338394 35 0.17417324 0.7243000000000293
394 0.0002389145374763757 32 0.00023321212211158127 35 0.0009845275 0.7236000000000293
395 0.0019611867610365152 28 0.0004947026027366519 35 0.030590594 0.7229000000000294
396 0.022910645231604576 35 0.022910645231604576 35 0.07727824 0.7222000000000295
397 0.006542799528688192 35 0.006542799528688192 35 0.020688294 0.7215000000000296
398 0.0009458994027227163 35 0.0009458994027227163 35 0.0033860854 0.7208000000000296
399 0.0013505453243851662 34 0.0013331170193850994 35 0.004766241 0.7201000000000297
400 0.0005359772476367652 26 0.00012253531895112246 35 0.0076110763 0.7194000000000298
401 0.02298373356461525 35 0.02298373356461525 35 0.08412933 0.7187000000000299
402 0.01643487438559532 33 0.012601491063833237 35 0.050189815 0.71800000000003
403 0.002636984223499894 30 0.002171394880861044 35 0.035686873 0.71730000000003
404 0.012245988473296165 35 0.012245988473296165 35 0.05359125 0.7166000000000301
405 0.020816560834646225 31 0.004279347602277994 35 0.13226882 0.7159000000000302
406 0.019572805613279343 30 0.014627848751842976 35 0.12260013 0.7152000000000303
407 0.0036011103074997663 34 0.0032976865768432617 35 0.024204202 0.7145000000000303
408 0.0032120561227202415 35 0.0032120561227202415 35 0.01659539 0.7138000000000304
409 0.0009732311009429395 24 0.0001326514466200024 35 0.014374079 0.7131000000000305
410 0.36682114005088806 35 0.36682114005088806 35 1312.724 0.7124000000000306
411 0.0002710156550165266 35 0.0002710156550165266 35 0.0007456249 0.7117000000000306
412 0.014160116203129292 31 0.007394060026854277 35 0.16909465 0.7110000000000307
413 0.004407539498060942 27 0.004008658695966005 35 0.0635162 0.7103000000000308
414 0.018963469192385674 34 0.017350606620311737 35 0.11051408 0.7096000000000309
415 0.0011247043730691075 35 0.0011247043730691075 35 0.0072081024 0.708900000000031
416 0.000813439954072237 35 0.000813439954072237 35 0.0031626949 0.708200000000031
417 0.00031681128893978894 32 0.00019379319564905018 35 0.002475564 0.7075000000000311
418 0.002493556821718812 35 0.002493556821718812 35 0.03790758 0.7068000000000312
419 0.011932258494198322 32 0.01078892033547163 35 0.053461522 0.7061000000000313
420 0.013466347940266132 35 0.013466347940266132 35 0.05033047 0.7054000000000313
421 0.03182617202401161 32 0.012853474356234074 35 0.26271734 0.7047000000000314
422 0.04548429325222969 35 0.04548429325222969 35 0.41687003 0.7040000000000315
423 0.008084909990429878 35 0.008084909990429878 35 0.030989503 0.7033000000000316
424 0.02243201434612274 30 0.010244728066027164 35 0.2995981 0.7026000000000316
425 0.014850347302854061 29 0.010261179879307747 35 0.1396999 0.7019000000000317
426 0.002925936598330736 35 0.002925936598330736 35 0.028242785 0.7012000000000318
427 0.001787960180081427 35 0.001787960180081427 35 0.012024841 0.7005000000000319
428 0.0068776169791817665 33 0.005219760816544294 35 0.029237825 0.699800000000032
429 0.017584240064024925 35 0.017584240064024925 35 0.101721525 0.699100000000032
430 0.00020094211504328996 29 7.552433817181736e-05 35 0.00515778 0.6984000000000321
431 0.0006181130302138627 29 0.00034842969034798443 35 0.008153639 0.6977000000000322
432 0.0007756066042929888 33 0.0006302245892584324 35 0.0067146565 0.6970000000000323
433 0.0030332000460475683 24 0.0012517157010734081 35 0.034002893 0.6963000000000323
434 0.0003101645561400801 28 1.3351473171496764e-05 35 0.0026056862 0.6956000000000324
435 0.0014358203625306487 35 0.0014358203625306487 35 0.018403431 0.6949000000000325
436 0.00030719710048288107 34 0.0001544686674606055 35 0.00093989016 0.6942000000000326
437 0.00454232282936573 34 0.0038672666996717453 35 0.03064682 0.6935000000000326
438 0.001070780330337584 30 0.0010417747544124722 35 0.010168128 0.6928000000000327
439 0.07891548424959183 35 0.07891548424959183 35 0.33106208 0.6921000000000328
440 0.025822054594755173 35 0.025822054594755173 35 0.12748192 0.6914000000000329
441 8.187995263142511e-06 35 8.187995263142511e-06 35 7.059792e-05 0.690700000000033
442 0.027038339525461197 33 0.02376721426844597 35 0.09069386 0.690000000000033
443 0.006026542745530605 35 0.006026542745530605 35 0.07320768 0.6893000000000331
444 0.010072194039821625 35 0.010072194039821625 35 0.037309237 0.6886000000000332
445 0.01026086788624525 35 0.01026086788624525 35 0.14605334 0.6879000000000333
446 0.02011202648282051 35 0.02011202648282051 35 0.10129956 0.6872000000000333
447 0.014628320932388306 24 0.013471439480781555 35 0.24493146 0.6865000000000334
448 0.008102125488221645 35 0.008102125488221645 35 0.034470182 0.6858000000000335
449 0.004358855076134205 35 0.004358855076134205 35 0.0041621514 0.6851000000000336
450 0.017255907878279686 26 0.003186407731845975 35 0.103662 0.6844000000000336
451 8.990522474050522e-05 35 8.990522474050522e-05 35 0.0006232464 0.6837000000000337
452 0.013180980458855629 29 0.004755307920277119 35 0.06875855 0.6830000000000338
453 0.0022900421172380447 34 0.0014328282559290528 35 0.014583334 0.6823000000000339
454 0.0009725850541144609 26 0.0005247233784757555 35 0.007969027 0.681600000000034
455 0.00041364404023624957 30 0.0002497004752513021 35 0.00665887 0.680900000000034
456 0.09348291903734207 28 0.06656893342733383 35 1102.0287 0.6802000000000341
457 0.009012333117425442 33 0.00350276124663651 35 0.08689794 0.6795000000000342
458 0.003035277361050248 32 0.0029397550970315933 35 0.030581055 0.6788000000000343
459 0.0023547406308352947 31 0.0009980431059375405 35 0.014366468 0.6781000000000343
460 0.004116953816264868 35 0.004116953816264868 35 0.028737692 0.6774000000000344
461 0.006588955409824848 35 0.006588955409824848 35 0.055500053 0.6767000000000345
462 0.06854180991649628 35 0.06854180991649628 35 415.3538 0.6760000000000346
463 0.016469910740852356 33 0.013063334859907627 35 0.24862258 0.6753000000000347
464 0.017720676958560944 35 0.017720676958560944 35 0.06721707 0.6746000000000347
465 0.026814132928848267 35 0.026814132928848267 35 0.0978394 0.6739000000000348
466 0.020958606153726578 32 0.008717028424143791 35 0.09111217 0.6732000000000349
467 0.057997576892375946 30 0.016245141625404358 35 1101.7114 0.672500000000035
468 0.0036404640413820744 35 0.0036404640413820744 35 0.011016836 0.671800000000035
469 0.0025420745369046926 29 0.00022503612854052335 35 0.04895484 0.6711000000000351
470 0.10770709067583084 35 0.10770709067583084 35 460.37225 0.6704000000000352
471 0.002615366131067276 34 0.0024780824314802885 35 0.01715594 0.6697000000000353
472 0.015155824832618237 35 0.015155824832618237 35 0.065910414 0.6690000000000353
473 0.003991934470832348 29 0.003781184321269393 35 0.044188682 0.6683000000000354
474 0.00290739256888628 30 0.00173350574914366 35 0.012872137 0.6676000000000355
475 0.02448706142604351 35 0.02448706142604351 35 0.075683996 0.6669000000000356
476 0.0027692674193531275 32 0.0020243762992322445 35 0.024296902 0.6662000000000357
477 0.0005734121659770608 35 0.0005734121659770608 35 0.004121742 0.6655000000000357
478 0.009332914836704731 33 0.00453365920111537 35 0.04189513 0.6648000000000358
479 0.005692639388144016 35 0.005692639388144016 35 0.025798593 0.6641000000000359
480 0.010474319569766521 31 0.00900234654545784 35 0.04456076 0.663400000000036
481 0.003706166986376047 28 0.0017900187522172928 35 0.05594508 0.662700000000036
482 0.10652726888656616 35 0.10652726888656616 35 415.53354 0.6620000000000361
483 0.12420342117547989 35 0.12420342117547989 35 0.33448768 0.6613000000000362
484 0.004104668740183115 35 0.004104668740183115 35 0.014234948 0.6606000000000363
485 0.009751358069479465 30 0.0009352751658298075 35 0.047908768 0.6599000000000363
486 0.0010828758822754025 31 2.5379284807058866e-07 35 0.0036988014 0.6592000000000364
487 0.024735664948821068 35 0.024735664948821068 35 0.16048977 0.6585000000000365
488 0.058210019022226334 35 0.058210019022226334 35 415.38962 0.6578000000000366
489 0.09392356872558594 33 0.09097034484148026 35 1990.9125 0.6571000000000367
490 0.019198454916477203 32 0.013296366669237614 35 0.10545303 0.6564000000000367
491 0.0033530390355736017 32 0.0009702323586679995 35 0.011313397 0.6557000000000368
492 0.21675588190555573 33 0.1725519746541977 35 1991.2068 0.6550000000000369
493 0.001645002863369882 27 0.0009480775916017592 35 0.013724507 0.654300000000037
494 0.003673841943964362 34 0.003122796304523945 35 0.02175107 0.653600000000037
495 0.0010475489543750882 29 0.0006598128820769489 35 0.013245323 0.6529000000000371
496 0.031512293964624405 28 0.021568382158875465 35 0.19035636 0.6522000000000372
497 0.0030059947166591883 35 0.0030059947166591883 35 0.014835141 0.6515000000000373
498 0.004839667119085789 35 0.004839667119085789 35 0.014180062 0.6508000000000373
499 0.01465246919542551 29 0.01198829896748066 35 0.2192288 0.6501000000000374
500 0.1563994288444519 34 0.12645848095417023 35 0.34738052 0.6494000000000375
501 0.002367004519328475 35 0.002367004519328475 35 0.024353685 0.6487000000000376
502 0.0005292537971399724 35 0.0005292537971399724 35 0.0017025565 0.6480000000000377
503 0.005929872393608093 35 0.005929872393608093 35 0.024456648 0.6473000000000377
504 0.00987689197063446 35 0.00987689197063446 35 0.025296014 0.6466000000000378
505 0.0013854567660018802 35 0.0013854567660018802 35 0.0079602515 0.6459000000000379
506 0.00446772575378418 32 0.003762234700843692 35 0.046433866 0.645200000000038
507 0.0017256576102226973 35 0.0017256576102226973 35 0.006386499 0.644500000000038
508 0.008223618380725384 29 0.007630331441760063 35 0.12080556 0.6438000000000381
509 0.004203786142170429 35 0.004203786142170429 35 0.03440354 0.6431000000000382
510 0.002901354106143117 33 0.0017950653564184904 35 0.027948912 0.6424000000000383
511 0.021007468923926353 31 0.01228293962776661 35 0.22679204 0.6417000000000384
512 0.007850580848753452 35 0.007850580848753452 35 0.10253046 0.6410000000000384
513 0.1550082117319107 32 0.15137861669063568 35 2428.1594 0.6403000000000385
514 0.030129412189126015 35 0.030129412189126015 35 0.06333405 0.6396000000000386
515 0.004017372615635395 33 0.0021824638824909925 35 0.002031321 0.6389000000000387
516 0.0018070103833451867 24 0.0001288524508709088 35 0.028052153 0.6382000000000387
517 0.008569230325520039 30 0.00706598162651062 35 0.11883776 0.6375000000000388
518 0.008504830300807953 30 0.007951825857162476 35 0.05229431 0.6368000000000389
519 0.038410693407058716 35 0.038410693407058716 35 0.20249487 0.636100000000039
520 0.0005265846266411245 31 0.0004900004714727402 35 0.0080997655 0.635400000000039
521 0.025396589189767838 35 0.025396589189767838 35 0.076869234 0.6347000000000391
522 0.005482526961714029 35 0.005482526961714029 35 0.028285738 0.6340000000000392
523 0.2020225077867508 35 0.2020225077867508 35 1611.53 0.6333000000000393
524 0.009123284369707108 35 0.009123284369707108 35 0.026454188 0.6326000000000394
525 0.2984806299209595 35 0.2984806299209595 35 415.51505 0.6319000000000394
526 0.005043570417910814 35 0.005043570417910814 35 0.03633725 0.6312000000000395
527 0.03143783286213875 35 0.03143783286213875 35 0.38803852 0.6305000000000396
528 0.008620464242994785 33 0.006837599445134401 35 0.14371237 0.6298000000000397
529 0.010890696197748184 31 0.006327198818325996 35 0.14005567 0.6291000000000397
530 0.06885047256946564 27 0.007241637445986271 35 0.8573666 0.6284000000000398
531 0.03633781149983406 29 0.034920141100883484 35 0.59934175 0.6277000000000399
532 0.000579871004447341 35 0.000579871004447341 35 0.004223329 0.62700000000004
533 0.006370326038450003 34 0.00396268256008625 35 0.044608444 0.62630000000004
534 0.015356453135609627 33 0.014516206458210945 35 0.03653045 0.6256000000000401
535 0.0011245534988120198 31 0.00010570041195023805 35 0.010950597 0.6249000000000402
536 0.009604125283658504 23 0.003759517800062895 35 0.19696091 0.6242000000000403
537 0.04145414009690285 35 0.04145414009690285 35 0.059471436 0.6235000000000404
538 0.012629802338778973 35 0.012629802338778973 35 0.051640846 0.6228000000000404
539 0.004713970236480236 35 0.004713970236480236 35 0.030084638 0.6221000000000405
540 0.0038961898535490036 33 0.0034784411545842886 35 0.02513977 0.6214000000000406
541 0.0042116050608456135 35 0.0042116050608456135 35 0.009908811 0.6207000000000407
542 0.0019106001127511263 35 0.0019106001127511263 35 0.0092794215 0.6200000000000407
543 0.003399638459086418 35 0.003399638459086418 35 0.0066159666 0.6193000000000408
544 0.0002475913497619331 31 9.144632349489257e-05 35 0.0021622698 0.6186000000000409
545 0.012444752268493176 35 0.012444752268493176 35 0.06135313 0.617900000000041
546 0.0029633929952979088 35 0.0029633929952979088 35 0.017468777 0.617200000000041
547 0.000722685654181987 35 0.000722685654181987 35 0.0061345357 0.6165000000000411
548 0.06101873889565468 34 0.04715562239289284 35 0.4508741 0.6158000000000412
549 0.002047692658379674 33 0.000553284480702132 35 0.022146361 0.6151000000000413
550 0.004640726838260889 31 0.0026047828141599894 35 0.0520028 0.6144000000000414
551 0.011433481238782406 29 0.010583989322185516 35 0.1266341 0.6137000000000414
552 0.00882978830486536 31 0.001991937169805169 35 0.110303715 0.6130000000000415
553 0.001488352776505053 34 0.0014793836744502187 35 0.022251612 0.6123000000000416
554 0.032338738441467285 32 0.014956974424421787 35 0.17728913 0.6116000000000417
555 0.001378004439175129 35 0.001378004439175129 35 0.00906356 0.6109000000000417
556 0.3938780128955841 32 0.20605196058750153 35 6469.451 0.6102000000000418
557 0.02787066623568535 35 0.02787066623568535 35 0.25001493 0.6095000000000419
558 0.004674090072512627 27 0.0022764112800359726 35 0.03373959 0.608800000000042
559 0.003955296240746975 35 0.003955296240746975 35 0.02019787 0.608100000000042
560 0.03024117648601532 34 0.024696556851267815 35 0.10660157 0.6074000000000421
561 0.024394426494836807 33 0.018380342051386833 35 0.059426013 0.6067000000000422
562 0.0001423442008672282 26 4.8640384193276986e-05 35 0.002747684 0.6060000000000423
563 0.0006358650862239301 34 0.0004263739683665335 35 0.0015341623 0.6053000000000424
564 0.0013934595044702291 35 0.0013934595044702291 35 0.0037352662 0.6046000000000424
565 0.2221636325120926 35 0.2221636325120926 35 852.58923 0.6039000000000425
566 0.0023915614001452923 35 0.0023915614001452923 35 0.012241031 0.6032000000000426
567 0.0034408674109727144 35 0.0034408674109727144 35 0.02245265 0.6025000000000427
568 0.012152769602835178 34 0.011869918555021286 35 0.10403228 0.6018000000000427
569 0.0005122998263686895 29 0.000220720874494873 35 0.0053584217 0.6011000000000428
570 0.1320856511592865 32 0.0747842788696289 35 1991.3046 0.6004000000000429
571 0.03604790195822716 35 0.03604790195822716 35 0.11351688 0.599700000000043
572 0.029575560241937637 34 0.028556719422340393 35 0.0896418 0.599000000000043
573 0.000453789223683998 34 0.00044795364374294877 35 0.004863914 0.5983000000000431
574 0.018512114882469177 35 0.018512114882469177 35 0.06942935 0.5976000000000432
575 0.0024865714367479086 29 0.0007374734850600362 35 0.014770665 0.5969000000000433
576 0.010944281704723835 35 0.010944281704723835 35 0.023071252 0.5962000000000434
577 0.008310222998261452 35 0.008310222998261452 35 0.013591907 0.5955000000000434
578 0.05718475207686424 35 0.05718475207686424 35 0.6342103 0.5948000000000435
579 0.06257891654968262 28 0.03257327154278755 35 0.35347414 0.5941000000000436
580 0.021210547536611557 35 0.021210547536611557 35 0.11752744 0.5934000000000437
581 0.0024018390104174614 35 0.0024018390104174614 35 0.00679407 0.5927000000000437
582 0.10472099483013153 32 0.08464858680963516 35 1312.7008 0.5920000000000438
583 0.03572553023695946 34 0.03453733026981354 35 0.2703567 0.5913000000000439
584 0.0037614889442920685 34 0.0033737625926733017 35 0.03254236 0.590600000000044
585 0.0022313231602311134 33 0.0017617237754166126 35 0.01628751 0.5899000000000441
586 0.010242274031043053 29 0.007235042285174131 35 0.04438597 0.5892000000000441
587 0.0071131386794149876 28 0.0025270695332437754 35 0.115488835 0.5885000000000442
588 0.04350147396326065 35 0.04350147396326065 35 0.23021129 0.5878000000000443
589 0.022458061575889587 35 0.022458061575889587 35 0.10220308 0.5871000000000444
590 0.19532547891139984 31 0.19397583603858948 35 3150.5544 0.5864000000000444
591 0.002817099681124091 35 0.002817099681124091 35 0.0150422305 0.5857000000000445
592 0.005312322173267603 35 0.005312322173267603 35 0.015949316 0.5850000000000446
593 0.0064745633862912655 35 0.0064745633862912655 35 0.01983865 0.5843000000000447
594 0.06335793435573578 29 0.01749432273209095 35 1160.2957 0.5836000000000447
595 0.01060247141867876 28 0.0008986999746412039 35 0.09505853 0.5829000000000448
596 0.055608347058296204 22 0.02010718174278736 35 0.62774014 0.5822000000000449
597 0.007314682938158512 35 0.007314682938158512 35 0.075542994 0.581500000000045
598 0.26545968651771545 33 0.24982577562332153 35 3560.862 0.5808000000000451
599 0.04947776719927788 35 0.04947776719927788 35 0.22110142 0.5801000000000451
600 0.03438994660973549 35 0.03438994660973549 35 0.27168304 0.5794000000000452
601 0.0023128362372517586 32 0.0005524037987925112 35 0.019675687 0.5787000000000453
602 0.04498956725001335 33 0.026854828000068665 35 0.17972809 0.5780000000000454
603 0.03534235805273056 34 0.0303055252879858 35 0.26052523 0.5773000000000454
604 0.10353214293718338 35 0.10353214293718338 35 1796.9689 0.5766000000000455
605 0.07700687646865845 31 0.05011819675564766 35 0.35446683 0.5759000000000456
606 0.017108559608459473 35 0.017108559608459473 35 0.15671445 0.5752000000000457
607 0.07586077600717545 35 0.07586077600717545 35 415.42175 0.5745000000000458
608 0.048048920929431915 27 0.0017405053367838264 35 0.7390868 0.5738000000000458
609 0.009413586929440498 31 0.008183442987501621 35 0.04516839 0.5731000000000459
610 0.09617015719413757 34 0.0946354791522026 35 1891.4559 0.572400000000046
611 0.08745652437210083 29 0.008221263065934181 35 0.1797087 0.5717000000000461
612 0.016846174374222755 35 0.016846174374222755 35 0.04323019 0.5710000000000461
613 0.07177261263132095 35 0.07177261263132095 35 0.5808021 0.5703000000000462
614 0.013735623098909855 35 0.013735623098909855 35 0.16408548 0.5696000000000463
615 0.0030241692438721657 35 0.0030241692438721657 35 0.011113871 0.5689000000000464
616 0.026098305359482765 33 0.02316330187022686 35 0.031432178 0.5682000000000464
617 0.000554796599317342 20 0.00025499475304968655 35 0.012548118 0.5675000000000465
618 0.012397678568959236 26 0.007986830547451973 35 0.15863015 0.5668000000000466
619 0.0017073233611881733 35 0.0017073233611881733 35 0.009680322 0.5661000000000467
620 0.0017326592933386564 34 0.0017013158649206161 35 0.008998721 0.5654000000000468
621 0.09627646207809448 30 0.013037244789302349 35 0.31046408 0.5647000000000468
622 0.020384617149829865 28 0.007291950285434723 35 0.07542312 0.5640000000000469
623 0.016626005992293358 32 0.01511022262275219 35 0.12054003 0.563300000000047
624 0.0020924957934767008 35 0.0020924957934767008 35 0.013168801 0.5626000000000471
625 0.00047201139386743307 35 0.00047201139386743307 35 0.0018541536 0.5619000000000471
626 0.0046410816721618176 35 0.0046410816721618176 35 0.005913333 0.5612000000000472
627 0.036258041858673096 35 0.036258041858673096 35 0.17426492 0.5605000000000473
628 0.021652869880199432 26 0.007983909919857979 35 0.047202617 0.5598000000000474
629 0.006476065143942833 34 0.0063066184520721436 35 0.10313765 0.5591000000000474
630 0.018551824614405632 35 0.018551824614405632 35 0.18122569 0.5584000000000475
631 0.004455348942428827 35 0.004455348942428827 35 0.013939082 0.5577000000000476
632 0.02761061303317547 26 0.019407764077186584 35 0.32899702 0.5570000000000477
633 0.002985624363645911 28 0.0005982093862257898 35 0.037164204 0.5563000000000478
634 0.041221704334020615 35 0.041221704334020615 35 0.24734063 0.5556000000000478
635 0.01608406938612461 33 0.01299341768026352 35 0.13289516 0.5549000000000479
636 0.03482644259929657 35 0.03482644259929657 35 0.32793272 0.554200000000048
637 0.1757434755563736 35 0.1757434755563736 35 852.47876 0.5535000000000481
638 0.022983217611908913 27 0.0005732792196795344 35 0.18364145 0.5528000000000481
639 0.05501475930213928 35 0.05501475930213928 35 852.4321 0.5521000000000482
640 0.03371988981962204 25 0.01945117861032486 35 0.48909768 0.5514000000000483
641 0.023483144119381905 35 0.023483144119381905 35 0.03181059 0.5507000000000484
642 0.0016907195094972849 33 0.00022014579735696316 35 0.012905015 0.5500000000000485
643 0.14899122714996338 35 0.14899122714996338 35 1877.4382 0.5493000000000485
644 0.012835030443966389 34 0.012402302585542202 35 0.1271221 0.5486000000000486
645 0.013656317256391048 35 0.013656317256391048 35 0.04111657 0.5479000000000487
646 0.10512203723192215 35 0.10512203723192215 35 0.43206802 0.5472000000000488
647 0.011249281466007233 35 0.011249281466007233 35 0.10194416 0.5465000000000488
648 0.0015492059756070375 31 0.0014939297689124942 35 0.026434235 0.5458000000000489
649 0.006754855625331402 23 0.004229510668665171 35 0.10760992 0.545100000000049
650 0.05873361602425575 35 0.05873361602425575 35 0.15099958 0.5444000000000491
651 0.0077607110142707825 35 0.0077607110142707825 35 0.057500586 0.5437000000000491
652 0.008697773329913616 35 0.008697773329913616 35 0.044006087 0.5430000000000492
653 0.014738460071384907 35 0.014738460071384907 35 0.03852447 0.5423000000000493
654 0.0066359275951981544 32 0.0048352451995015144 35 0.09477657 0.5416000000000494
655 0.015489067882299423 32 0.013634217903017998 35 0.29239014 0.5409000000000495
656 0.00018014415400102735 35 0.00018014415400102735 35 0.0012666155 0.5402000000000495
657 0.0041403085924685 35 0.0041403085924685 35 0.0028049685 0.5395000000000496
658 0.001222145278006792 24 0.00027183452039025724 35 0.004969604 0.5388000000000497
659 0.005789090413600206 35 0.005789090413600206 35 0.008982731 0.5381000000000498
660 0.01189704705029726 35 0.01189704705029726 35 0.035159156 0.5374000000000498
661 0.021945886313915253 33 0.012188933789730072 35 0.051621754 0.5367000000000499
662 0.0030272516887634993 35 0.0030272516887634993 35 0.01777139 0.53600000000005
663 0.00470391009002924 35 0.00470391009002924 35 0.0049674865 0.5353000000000501
664 0.01754562370479107 35 0.01754562370479107 35 0.07095484 0.5346000000000501
665 0.09483219683170319 35 0.09483219683170319 35 852.43646 0.5339000000000502
666 0.10699953883886337 35 0.10699953883886337 35 852.43005 0.5332000000000503
667 0.02486894093453884 35 0.02486894093453884 35 0.2200796 0.5325000000000504
668 0.002471483778208494 25 0.0006401288555935025 35 0.046716608 0.5318000000000505
669 0.011699937283992767 32 0.006421753671020269 35 0.073015116 0.5311000000000505
670 0.007925543002784252 35 0.007925543002784252 35 0.028103165 0.5304000000000506
671 0.0018117340514436364 35 0.0018117340514436364 35 0.016507275 0.5297000000000507
672 0.01510492991656065 35 0.01510492991656065 35 0.0620638 0.5290000000000508
673 0.08906973153352737 24 0.05963192880153656 35 2922.79 0.5283000000000508
674 0.052815940231084824 34 0.05273663252592087 35 0.10829256 0.5276000000000509
675 0.04599350690841675 22 0.00424028979614377 35 0.2610576 0.526900000000051
676 0.0023366149980574846 35 0.0023366149980574846 35 0.019517047 0.5262000000000511
677 0.018379341810941696 31 0.015978187322616577 35 0.1295016 0.5255000000000511
678 0.054391827434301376 35 0.054391827434301376 35 437.25894 0.5248000000000512
679 0.01610408164560795 31 0.004311805125325918 35 0.17694327 0.5241000000000513
680 0.0022809207439422607 35 0.0022809207439422607 35 0.0015241131 0.5234000000000514
681 0.0017050211317837238 35 0.0017050211317837238 35 0.011845463 0.5227000000000515
682 0.0016549333231523633 33 0.0007765606278553605 35 0.02274121 0.5220000000000515
683 0.0005872094770893455 34 0.0005727242678403854 35 0.0019406623 0.5213000000000516
684 0.007556172087788582 35 0.007556172087788582 35 0.040976927 0.5206000000000517
685 0.014241321943700314 35 0.014241321943700314 35 0.025367137 0.5199000000000518
686 0.02223920449614525 31 0.02174055203795433 35 0.28613406 0.5192000000000518
687 0.0019650855101644993 28 0.00040366448229178786 35 0.025558852 0.5185000000000519
688 0.027404189109802246 31 0.02440532296895981 35 0.48763567 0.517800000000052
689 0.043695949018001556 28 0.009042110294103622 35 0.27888775 0.5171000000000521
690 0.03172784298658371 33 0.029718030244112015 35 0.23291385 0.5164000000000522
691 0.0004947791458107531 35 0.0004947791458107531 35 0.001867785 0.5157000000000522
692 0.11343491077423096 35 0.11343491077423096 35 0.22982627 0.5150000000000523
693 0.1722235530614853 31 0.1263689398765564 35 4002.6611 0.5143000000000524
694 0.07561208307743073 30 0.03581657633185387 35 565.42993 0.5136000000000525
695 0.012887472286820412 32 0.0062683699652552605 35 0.07923013 0.5129000000000525
696 0.05831565335392952 25 0.05652133375406265 35 0.46366924 0.5122000000000526
697 0.01236285362392664 33 0.010274246335029602 35 0.13117939 0.5115000000000527
698 0.018317105248570442 35 0.018317105248570442 35 0.005917465 0.5108000000000528
699 0.0029913331381976604 33 0.001823864527978003 35 0.019874694 0.5101000000000528
700 0.03501616418361664 35 0.03501616418361664 35 0.23516755 0.5094000000000529
701 0.001128079486079514 35 0.001128079486079514 35 0.005788175 0.508700000000053
702 0.0006707229767926037 29 0.00015920282748993486 35 0.004275363 0.5080000000000531
703 0.04509028419852257 30 0.028648188337683678 35 0.61867017 0.5073000000000532
704 0.050089992582798004 35 0.050089992582798004 35 0.24580061 0.5066000000000532
705 0.02919618971645832 33 0.019555456936359406 35 0.14994128 0.5059000000000533
706 0.019110873341560364 35 0.019110873341560364 35 0.06455494 0.5052000000000534
707 0.018525686115026474 21 0.006174169015139341 35 0.4166046 0.5045000000000535
708 0.02573683112859726 31 0.013187399134039879 35 0.09493081 0.5038000000000535
709 0.006925792433321476 30 9.23421757761389e-05 35 0.08295466 0.5031000000000536
710 0.012082931585609913 35 0.012082931585609913 35 0.04077086 0.5024000000000537
711 0.00012762070400640368 32 0.00010342413588659838 35 0.0023613644 0.5017000000000538
712 0.03206467628479004 32 0.023430058732628822 35 0.45607182 0.5010000000000538
713 0.01031416468322277 30 0.005823573563247919 35 0.019451953 0.5003000000000539
714 0.022659165784716606 35 0.022659165784716606 35 0.070222676 0.499600000000054
715 0.0020231432281434536 35 0.0020231432281434536 35 0.018198155 0.4989000000000541
716 0.0012347573647275567 35 0.0012347573647275567 35 0.01704866 0.49820000000005416
717 0.2538493573665619 35 0.2538493573665619 35 2306.631 0.49750000000005423
718 0.583465039730072 31 0.39058786630630493 35 6258.8965 0.4968000000000543
719 0.17792969942092896 35 0.17792969942092896 35 2843.229 0.4961000000000544
720 0.4688488841056824 35 0.4688488841056824 35 0.7628953 0.49540000000005446
721 0.025095583871006966 24 5.688231613021344e-05 35 0.20716688 0.49470000000005454
722 0.04006533324718475 35 0.04006533324718475 35 0.2542711 0.4940000000000546
723 0.022975202649831772 35 0.022975202649831772 35 0.1540495 0.4933000000000547
724 0.0656963363289833 33 0.059171490371227264 35 1797.0767 0.49260000000005477
725 0.02971678599715233 27 0.01729099452495575 35 0.39146656 0.49190000000005485
726 0.008155588991940022 33 0.0053695375099778175 35 0.03902423 0.4912000000000549
727 0.05869481340050697 35 0.05869481340050697 35 0.038316183 0.490500000000055
728 0.10296209156513214 32 0.0934046059846878 35 852.56445 0.4898000000000551
729 0.06287432461977005 27 0.056907691061496735 35 897.37604 0.48910000000005516
730 0.027074556797742844 31 0.0014878441579639912 35 0.15045619 0.48840000000005523
731 0.04644811898469925 30 0.03280326724052429 35 0.14481977 0.4877000000000553
732 0.009226126596331596 34 0.005420672707259655 35 0.08224926 0.4870000000000554
733 0.14227119088172913 35 0.14227119088172913 35 2306.6167 0.48630000000005547
734 0.13672903180122375 29 0.030932100489735603 35 4404.5674 0.48560000000005554
735 0.20071059465408325 35 0.20071059465408325 35 1312.6372 0.4849000000000556
736 0.050977129489183426 33 0.040811628103256226 35 0.10475488 0.4842000000000557
737 0.023131003603339195 35 0.023131003603339195 35 0.3934779 0.4835000000000558
738 0.20756575465202332 35 0.20756575465202332 35 3544.0212 0.48280000000005585
739 0.017518112435936928 24 0.006685518193989992 35 0.24530222 0.48210000000005593
740 0.003942008130252361 21 0.003280217759311199 35 0.108408704 0.481400000000056
741 0.0005648359656333923 22 0.0005145805771462619 35 0.004474317 0.4807000000000561
742 0.02900668978691101 35 0.02900668978691101 35 0.23651332 0.48000000000005616
743 0.10183250904083252 28 0.0873381718993187 35 3098.4324 0.47930000000005624
744 0.006033433135598898 32 0.0031230617314577103 35 0.070133746 0.4786000000000563
745 0.015876125544309616 27 0.001505881897173822 35 0.11000286 0.4779000000000564
746 0.18861187994480133 33 0.07923557609319687 35 1312.341 0.47720000000005647
747 0.02412376180291176 20 0.006312818266451359 35 0.44247139 0.47650000000005654
748 0.0034385162871330976 35 0.0034385162871330976 35 0.03244175 0.4758000000000566
749 0.6371363997459412 33 0.53691565990448 35 2307.4236 0.4751000000000567
750 0.007171308156102896 35 0.007171308156102896 35 0.019826813 0.4744000000000568
751 0.5866203904151917 34 0.5859745144844055 35 5287.0537 0.47370000000005685
752 0.033054910600185394 27 0.02174907922744751 35 0.42213693 0.47300000000005693
753 0.01708604022860527 32 0.0049195485189557076 35 0.15111792 0.472300000000057
754 0.07758680731058121 32 0.06929948925971985 35 0.3106288 0.4716000000000571
755 0.0014826655387878418 29 0.0003045691119041294 35 0.018628072 0.47090000000005716
756 0.0025248366873711348 32 0.0015746606513857841 35 0.012040015 0.47020000000005724
757 0.030422978103160858 35 0.030422978103160858 35 0.12872967 0.4695000000000573
758 0.012176300399005413 29 0.0020855222828686237 35 0.12973991 0.4688000000000574
759 0.22508278489112854 35 0.22508278489112854 35 1312.419 0.46810000000005747
760 0.04236210137605667 35 0.04236210137605667 35 0.23990853 0.46740000000005755
761 0.8565711379051208 29 0.7691084146499634 35 4628.2485 0.4667000000000576
762 0.0030710010323673487 28 0.0001795384887373075 35 0.029681057 0.4660000000000577
763 0.01593571901321411 35 0.01593571901321411 35 0.088767685 0.4653000000000578
764 0.05523933842778206 27 0.013773745857179165 35 0.24221641 0.46460000000005786
765 0.05581323057413101 34 0.052596766501665115 35 0.77235955 0.46390000000005793
766 0.009482116438448429 35 0.009482116438448429 35 0.0370277 0.463200000000058
767 0.12407530844211578 32 0.07715534418821335 35 2205.9414 0.4625000000000581
768 0.08085321635007858 26 0.03172166645526886 35 3184.811 0.46180000000005816
769 0.00444489810615778 35 0.00444489810615778 35 0.020988401 0.46110000000005824
770 0.03404771164059639 34 0.02020644024014473 35 0.14495616 0.4604000000000583
771 0.27151280641555786 35 0.27151280641555786 35 2306.7974 0.4597000000000584
772 0.07794826477766037 35 0.07794826477766037 35 0.25400424 0.4590000000000585
773 0.015057448297739029 35 0.015057448297739029 35 0.11819367 0.45830000000005855
774 0.05500232055783272 34 0.0543464757502079 35 0.117792234 0.4576000000000586
775 0.0005117583204992115 35 0.0005117583204992115 35 0.0026178889 0.4569000000000587
776 0.015007639303803444 29 0.0114399753510952 35 0.1855203 0.4562000000000588
777 0.03516288474202156 35 0.03516288474202156 35 0.08783395 0.45550000000005886
778 0.028188787400722504 33 0.02423926070332527 35 0.15283431 0.45480000000005893
779 0.004571883473545313 35 0.004571883473545313 35 0.020460498 0.454100000000059
780 0.00792684406042099 32 0.0072734360583126545 35 0.030412685 0.4534000000000591
781 0.388965368270874 35 0.388965368270874 35 415.64575 0.45270000000005917
782 0.26151639223098755 35 0.26151639223098755 35 852.46466 0.45200000000005924
783 0.008331620134413242 26 0.0015034850221127272 35 0.036324386 0.4513000000000593
784 0.03374374657869339 34 0.03222696855664253 35 0.32540601 0.4506000000000594
785 0.09639015793800354 35 0.09639015793800354 35 0.428088 0.4499000000000595
786 0.001083053764887154 32 0.00032573589123785496 35 0.008557311 0.44920000000005955
787 0.06173739582300186 31 0.03558371588587761 35 2555.9272 0.44850000000005963
788 0.018889447674155235 34 0.01824822463095188 35 0.13449137 0.4478000000000597
789 0.3929496109485626 32 0.37808871269226074 35 6527.381 0.4471000000000598
790 0.011841216124594212 32 0.011437559500336647 35 0.055661086 0.44640000000005986
791 0.0332120843231678 35 0.0332120843231678 35 0.41522223 0.44570000000005994
792 0.6708341240882874 28 0.5437292456626892 35 3407.8193 0.44500000000006
793 0.42464679479599 34 0.4150889813899994 35 3408.0684 0.4443000000000601
794 0.17694644629955292 35 0.17694644629955292 35 0.21354745 0.44360000000006017
795 0.12315396219491959 31 0.09159719198942184 35 3176.2937 0.44290000000006025
796 0.016651703044772148 35 0.016651703044772148 35 0.10497843 0.4422000000000603
797 0.07137259095907211 23 0.017486752942204475 35 2192.5361 0.4415000000000604
798 0.019513064995408058 29 0.007377168163657188 35 0.21465316 0.4408000000000605
799 0.04778048396110535 35 0.04778048396110535 35 0.37711003 0.44010000000006055
800 0.07614511996507645 35 0.07614511996507645 35 415.5897 0.43940000000006063
801 0.012866691686213017 31 0.011943478137254715 35 0.13191484 0.4387000000000607
802 0.06529218703508377 24 0.054984476417303085 35 2081.368 0.4380000000000608
803 0.05171627178788185 33 0.04915016144514084 35 0.8987651 0.43730000000006086
804 0.04420055076479912 34 0.04370376840233803 35 0.35639748 0.43660000000006094
805 0.003232245799154043 35 0.003232245799154043 35 0.00864617 0.435900000000061
806 0.0024105310440063477 27 0.0019553876481950283 35 0.021699183 0.4352000000000611
807 0.0261309202760458 35 0.0261309202760458 35 0.025257718 0.43450000000006117
808 0.05656091868877411 32 0.035848330706357956 35 565.2765 0.43380000000006125
809 0.007510960102081299 35 0.007510960102081299 35 0.07676018 0.4331000000000613
810 0.07175607234239578 35 0.07175607234239578 35 852.57007 0.4324000000000614
811 0.010338683612644672 35 0.010338683612644672 35 0.026766501 0.4317000000000615
812 0.009013567119836807 35 0.009013567119836807 35 0.052157443 0.43100000000006156
813 0.004253319930285215 31 0.003377502551302314 35 0.06751032 0.43030000000006163
814 0.008444969542324543 34 0.006518812850117683 35 0.0059424248 0.4296000000000617
815 0.03673343360424042 33 0.031780440360307693 35 0.30368075 0.4289000000000618
816 0.020505473017692566 31 0.017955608665943146 35 0.26148412 0.42820000000006186
817 0.16418801248073578 29 0.012966539710760117 35 3316.0845 0.42750000000006194
818 0.2047346979379654 31 0.01371755637228489 35 1101.7325 0.426800000000062
819 0.11178990453481674 27 0.0392785482108593 35 2206.5217 0.4261000000000621
820 0.01049016509205103 32 0.00634858338162303 35 0.1319037 0.4254000000000622
821 0.01085306704044342 32 0.006655861623585224 35 0.18147846 0.42470000000006225
822 0.022513901814818382 32 0.017963239923119545 35 0.22850356 0.4240000000000623
823 0.42481082677841187 31 0.26036378741264343 35 6296.529 0.4233000000000624
824 0.10768631100654602 35 0.10768631100654602 35 852.5637 0.4226000000000625
825 0.0006688773864880204 35 0.0006688773864880204 35 0.0013607385 0.42190000000006256
826 0.03640880063176155 31 0.021518860012292862 35 0.4193116 0.42120000000006264
827 0.05570270121097565 32 0.0492737703025341 35 994.4074 0.4205000000000627
828 0.0008333766018040478 35 0.0008333766018040478 35 0.0107236365 0.4198000000000628
829 0.3977251946926117 35 0.3977251946926117 35 1796.8328 0.41910000000006287
830 0.0002781371877063066 25 0.00010503317753318697 35 0.0033868183 0.41840000000006294
831 0.0639798492193222 32 0.04755640774965286 35 1454.6575 0.417700000000063
832 0.04639631137251854 35 0.04639631137251854 35 0.44079933 0.4170000000000631
833 0.021389538422226906 35 0.021389538422226906 35 0.10698127 0.4163000000000632
834 0.0079184053465724 35 0.0079184053465724 35 0.11743548 0.41560000000006325
835 0.383188933134079 35 0.383188933134079 35 852.4448 0.41490000000006333
836 0.000874360091984272 35 0.000874360091984272 35 0.012669113 0.4142000000000634
837 0.34879156947135925 35 0.34879156947135925 35 1796.8158 0.4135000000000635
838 0.02927505597472191 26 0.019419729709625244 35 0.48368746 0.41280000000006356
839 0.0022997562773525715 35 0.0022997562773525715 35 0.010389474 0.41210000000006364
840 0.09812303632497787 30 0.06078493595123291 35 2690.47 0.4114000000000637
841 0.005185839254409075 30 0.0034737042151391506 35 0.018201731 0.4107000000000638
842 0.008917584083974361 25 0.0013484946684911847 35 0.09706053 0.41000000000006387
843 0.07051218301057816 35 0.07051218301057816 35 0.18307465 0.40930000000006395
844 0.0008792291046120226 31 0.00025195314083248377 35 0.008522356 0.408600000000064
845 0.015699662268161774 35 0.015699662268161774 35 0.06969593 0.4079000000000641
846 0.010021538473665714 20 0.004505711141973734 35 0.09643882 0.4072000000000642
847 0.015234241262078285 33 0.007772760931402445 35 0.07602555 0.40650000000006425
848 0.019726676866412163 34 0.016015678644180298 35 0.042557098 0.40580000000006433
849 0.9329519271850586 35 0.9329519271850586 35 5980.8115 0.4051000000000644
850 0.038541778922080994 28 0.0012996912701055408 35 0.5607951 0.4044000000000645
851 0.1572461575269699 26 0.04644632339477539 35 5445.0195 0.40370000000006456
852 0.3794707953929901 35 0.3794707953929901 35 1796.9849 0.40300000000006464
853 0.022177506238222122 29 0.015734929591417313 35 0.23694828 0.4023000000000647
854 0.005833204369992018 28 0.001310189487412572 35 0.05440066 0.4016000000000648
855 0.06876983493566513 35 0.06876983493566513 35 0.03569467 0.40090000000006487
856 0.003922745119780302 35 0.003922745119780302 35 0.02626871 0.40020000000006495
857 0.017839008942246437 35 0.017839008942246437 35 0.0668733 0.399500000000065
858 0.02033228427171707 35 0.02033228427171707 35 0.0114749465 0.3988000000000651
859 0.051612116396427155 35 0.051612116396427155 35 0.15558365 0.3981000000000652
860 0.15797559916973114 26 0.1216287612915039 35 4388.9375 0.39740000000006526
861 0.026190180331468582 35 0.026190180331468582 35 0.23833135 0.39670000000006533
862 0.03194931149482727 35 0.03194931149482727 35 0.17223868 0.3960000000000654
863 0.001893926877528429 35 0.001893926877528429 35 0.013594413 0.3953000000000655
864 0.057938139885663986 35 0.057938139885663986 35 0.14458954 0.39460000000006556
865 0.3030174672603607 32 0.2277277559041977 35 5980.7837 0.39390000000006564
866 0.1321093589067459 35 0.1321093589067459 35 1313.4806 0.3932000000000657
867 0.014132923446595669 34 0.0137476222589612 35 0.14220259 0.3925000000000658
868 0.01567590795457363 33 0.010587434284389019 35 0.280046 0.3918000000000659
869 0.1766374111175537 35 0.1766374111175537 35 2122.0671 0.39110000000006595
870 0.015607052482664585 35 0.015607052482664585 35 0.12627439 0.390400000000066
871 0.024385470896959305 35 0.024385470896959305 35 0.14465982 0.3897000000000661
872 0.045827608555555344 31 0.010272511281073093 35 0.32913297 0.3890000000000662
873 0.00914321281015873 31 0.006113495212048292 35 0.032850698 0.38830000000006626
874 0.07120408862829208 35 0.07120408862829208 35 0.21361417 0.38760000000006634
875 0.0516839399933815 35 0.0516839399933815 35 415.48343 0.3869000000000664
876 0.004359831567853689 28 0.0019132684683427215 35 0.056264818 0.3862000000000665
877 0.1470542997121811 34 0.14604169130325317 35 1796.6753 0.38550000000006657
878 0.05832650139927864 28 0.019077641889452934 35 0.44405177 0.38480000000006664
879 0.15753155946731567 35 0.15753155946731567 35 415.83105 0.3841000000000667
880 0.01191335916519165 35 0.01191335916519165 35 0.03584197 0.3834000000000668
881 0.05356909707188606 24 0.003112436505034566 35 0.2285618 0.3827000000000669
882 0.06768140196800232 32 0.04728393629193306 35 0.44359672 0.38200000000006695
883 0.018999649211764336 29 0.008968104608356953 35 0.118722804 0.38130000000006703
884 0.21551233530044556 32 0.17239052057266235 35 4240.994 0.3806000000000671
885 0.0639822781085968 35 0.0639822781085968 35 0.33358896 0.3799000000000672
886 0.05336693674325943 30 0.03417164832353592 35 0.4443366 0.37920000000006726
887 0.001463137217797339 26 0.00032921586534939706 35 0.0074227415 0.37850000000006734
888 0.10988004505634308 35 0.10988004505634308 35 0.3956895 0.3778000000000674
889 0.021269792690873146 35 0.021269792690873146 35 0.27915707 0.3771000000000675
890 0.06983089447021484 35 0.06983089447021484 35 0.12766032 0.37640000000006757
891 0.026361551135778427 23 0.021375730633735657 35 0.45922902 0.37570000000006765
892 0.012052802368998528 35 0.012052802368998528 35 0.015005721 0.3750000000000677
893 0.06034178286790848 35 0.06034178286790848 35 0.34121156 0.3743000000000678
894 0.07875961065292358 29 0.026572490110993385 35 1.2110059 0.3736000000000679
895 0.03931519389152527 33 0.031106237322092056 35 0.48369107 0.37290000000006795
896 0.09951356053352356 34 0.09690900892019272 35 1312.4985 0.37220000000006803
897 0.23019826412200928 30 0.21491779386997223 35 5287.6084 0.3715000000000681
898 0.3141501247882843 34 0.31308117508888245 35 3408.0256 0.3708000000000682
899 0.013691730797290802 35 0.013691730797290802 35 0.23814312 0.37010000000006826
900 0.014788683503866196 35 0.014788683503866196 35 0.027763272 0.36940000000006834
901 0.007369818165898323 35 0.007369818165898323 35 0.05164038 0.3687000000000684
902 0.6733984351158142 30 0.39289358258247375 35 10035.636 0.3680000000000685
903 0.007252855226397514 35 0.007252855226397514 35 0.08388713 0.36730000000006857
904 0.35265836119651794 35 0.35265836119651794 35 852.5056 0.36660000000006865
905 0.10843802988529205 35 0.10843802988529205 35 1796.8546 0.3659000000000687
906 0.06717587262392044 35 0.06717587262392044 35 1074.5558 0.3652000000000688
907 0.034602973610162735 35 0.034602973610162735 35 0.23062854 0.3645000000000689
908 0.0015278798528015614 31 0.00033861410338431597 35 0.023629399 0.36380000000006896
909 0.036570414900779724 31 0.03583550825715065 35 0.43222094 0.36310000000006903
910 0.04284454882144928 25 0.016316041350364685 35 1.213053 0.3624000000000691
911 0.07776650041341782 22 0.036381788551807404 35 659.738 0.3617000000000692
912 0.16113366186618805 32 0.06414152681827545 35 1943.7728 0.36100000000006927
913 0.01962703838944435 29 0.000126470738905482 35 0.24797295 0.36030000000006934
914 0.0812726840376854 35 0.0812726840376854 35 415.36383 0.3596000000000694
915 0.02461930736899376 35 0.02461930736899376 35 0.050303385 0.3589000000000695
916 0.039801690727472305 35 0.039801690727472305 35 0.93929976 0.3582000000000696
917 0.17877362668514252 34 0.17476999759674072 35 2843.6155 0.35750000000006965
918 0.021969815716147423 24 0.016466891393065453 35 0.34418833 0.35680000000006973
919 0.01410845946520567 32 0.0036559475120157003 35 0.065360144 0.3561000000000698
920 0.04456586763262749 26 0.035154785960912704 35 0.6857558 0.3554000000000699
921 0.03003949485719204 35 0.03003949485719204 35 0.123000056 0.35470000000006996
922 0.037529356777668 21 0.0017273228149861097 35 0.436204 0.35400000000007004
923 0.18486396968364716 35 0.18486396968364716 35 0.46543556 0.3533000000000701
924 0.08433230966329575 35 0.08433230966329575 35 415.30887 0.3526000000000702
925 0.08555417507886887 32 0.07246730476617813 35 1.0361773 0.35190000000007027
926 0.0891934484243393 26 0.013758953660726547 35 1285.2445 0.35120000000007034
927 0.031462639570236206 35 0.031462639570236206 35 0.097728446 0.3505000000000704
928 0.1480686515569687 34 0.12827229499816895 35 1796.9817 0.3498000000000705
929 0.0910571813583374 32 0.038822099566459656 35 1556.4098 0.3491000000000706
930 0.05550631135702133 33 0.05051303282380104 35 0.6274635 0.34840000000007065
931 0.02500859461724758 23 0.013827265240252018 35 0.20114908 0.34770000000007073
932 0.3054051995277405 23 0.20614095032215118 35 5264.5005 0.3470000000000708
933 0.03458128869533539 35 0.03458128869533539 35 0.27081212 0.3463000000000709
934 0.024194903671741486 28 0.014153569005429745 35 0.2868859 0.34560000000007096
935 0.14597421884536743 33 0.14095784723758698 35 4002.9246 0.34490000000007104
936 0.20457366108894348 34 0.19954802095890045 35 484.96997 0.3442000000000711
937 0.016279902309179306 24 0.008470977656543255 35 0.12712702 0.3435000000000712
938 0.09260870516300201 34 0.07707750052213669 35 2137.5935 0.34280000000007127
939 0.028624262660741806 35 0.028624262660741806 35 0.30023986 0.34210000000007135
940 0.020497621968388557 35 0.020497621968388557 35 0.1389462 0.3414000000000714
941 0.1599065065383911 31 0.08714459091424942 35 944.65265 0.3407000000000715
942 0.14427481591701508 35 0.14427481591701508 35 1159.8934 0.3400000000000716
943 0.10449312627315521 35 0.10449312627315521 35 852.7549 0.33930000000007166
944 0.12904736399650574 22 0.012482180260121822 35 4998.4697 0.33860000000007173
945 0.025443242862820625 35 0.025443242862820625 35 0.013555208 0.3379000000000718
946 0.05209663510322571 35 0.05209663510322571 35 0.26689422 0.3372000000000719
947 0.0775306224822998 25 0.019691897556185722 35 1424.1849 0.33650000000007196
948 0.1593175083398819 30 0.1329231560230255 35 1417.4083 0.33580000000007204
949 0.049852509051561356 25 0.0298289954662323 35 0.44480503 0.3351000000000721
950 0.17009150981903076 27 0.039637744426727295 35 3137.8953 0.3344000000000722
951 0.04800508916378021 35 0.04800508916378021 35 0.34523445 0.33370000000007227
952 0.0795743316411972 28 0.008775364607572556 35 2444.3076 0.33300000000007235
953 0.026717951521277428 35 0.026717951521277428 35 0.048519347 0.3323000000000724
954 0.05495164170861244 35 0.05495164170861244 35 0.21740882 0.3316000000000725
955 0.03590375930070877 35 0.03590375930070877 35 0.13554421 0.3309000000000726
956 0.13486754894256592 27 0.09027723968029022 35 8723.578 0.33020000000007266
957 0.07595466077327728 35 0.07595466077327728 35 0.39267525 0.32950000000007273
958 0.035080716013908386 35 0.035080716013908386 35 0.25272804 0.3288000000000728
959 0.0535896010696888 35 0.0535896010696888 35 853.26514 0.3281000000000729
960 0.018566777929663658 33 0.018382584676146507 35 0.39912623 0.32740000000007297
961 0.5128838419914246 35 0.5128838419914246 35 2306.5725 0.32670000000007304
962 0.11999188363552094 28 0.03964103385806084 35 5398.8145 0.3260000000000731
963 0.09087124466896057 30 0.07188115268945694 35 3408.2964 0.3253000000000732
964 0.07530318945646286 35 0.07530318945646286 35 2428.3582 0.3246000000000733
965 0.1374296396970749 35 0.1374296396970749 35 852.5674 0.32390000000007335
966 0.11847633123397827 32 0.03308277204632759 35 2095.9414 0.32320000000007343
967 0.027614392340183258 35 0.027614392340183258 35 0.20102036 0.3225000000000735
968 0.2036588042974472 29 0.0684291198849678 35 4841.5566 0.3218000000000736
969 0.026493553072214127 35 0.026493553072214127 35 0.22092162 0.32110000000007366
970 0.0038532253820449114 35 0.0038532253820449114 35 0.0235651 0.32040000000007374
971 0.0607529915869236 33 0.057353824377059937 35 0.14821026 0.3197000000000738
972 0.13929325342178345 35 0.13929325342178345 35 2205.4927 0.3190000000000739
973 0.07123610377311707 35 0.07123610377311707 35 0.17625251 0.31830000000007397
974 0.358440101146698 25 0.2848171591758728 35 5000.4795 0.31760000000007405
975 0.05513109639286995 23 0.015228002332150936 35 0.94230855 0.3169000000000741
976 0.30657920241355896 28 0.04299321398139 35 7064.0156 0.3162000000000742
977 0.12834301590919495 23 0.01592564396560192 35 3159.3381 0.3155000000000743
978 0.03905476629734039 35 0.03905476629734039 35 0.080057696 0.31480000000007435
979 0.1573440581560135 24 0.11296860873699188 35 8657.175 0.31410000000007443
980 0.004697864409536123 26 0.002983029466122389 35 0.0116417445 0.3134000000000745
981 0.42952239513397217 35 0.42952239513397217 35 5287.1675 0.3127000000000746
982 0.02889605611562729 35 0.02889605611562729 35 0.27715075 0.31200000000007466
983 0.9046058058738708 32 0.7511720061302185 35 9139.423 0.31130000000007474
984 0.1997215896844864 31 0.11944910883903503 35 5287.3027 0.3106000000000748
985 0.07763207703828812 32 0.040547437965869904 35 1454.3937 0.3099000000000749
986 0.004962087143212557 28 0.004732653498649597 35 0.062052015 0.30920000000007497
987 0.016256112605333328 33 0.010441172868013382 35 0.07783605 0.30850000000007505
988 0.05308985337615013 26 0.0326954610645771 35 0.5711409 0.3078000000000751
989 0.08905797451734543 35 0.08905797451734543 35 1312.923 0.3071000000000752
990 0.07640348374843597 28 0.0364183746278286 35 1937.0435 0.3064000000000753
991 0.07071594893932343 32 0.05077586695551872 35 1.4214607 0.30570000000007536
992 0.12351971119642258 35 0.12351971119642258 35 0.56538266 0.30500000000007543
993 0.040792956948280334 35 0.040792956948280334 35 0.20672372 0.3043000000000755
994 0.6543720364570618 32 0.4494607746601105 35 3490.817 0.3036000000000756
995 0.14801621437072754 35 0.14801621437072754 35 897.3818 0.30290000000007566
996 0.05180514603853226 35 0.05180514603853226 35 415.45004 0.30220000000007574
997 0.05404272675514221 34 0.05341466888785362 35 0.83597875 0.3015000000000758
998 0.4218839704990387 34 0.4193655252456665 35 1636.1779 0.3008000000000759
999 0.1520048975944519 31 0.0893598347902298 35 2843.293 0.300100000000076
